1049.95 2.39579
1100.05 2.39568
1149.97 2.39541
1249.99 2.39532
1299.91 2.39536
1350.01 2.39533
1399.93 2.39522
1499.95 2.39526
1549.87 2.39522
1599.97 2.39481
1649.89 2.39493
1700 2.39496
1749.92 2.39501
1800.02 2.39493
1849.94 2.39501
1900.04 2.39485
1949.95 2.39509
1999.88 2.39479
2049.98 2.39477
2099.91 2.39469
2150.01 2.39483
2199.92 2.39463
2299.94 2.39465
2349.86 2.39464
2399.97 2.39455
2449.88 2.3945
2499.99 2.39479
2549.92 2.39453
2600.01 2.39455
2649.93 2.39458
2700.03 2.39443
2749.96 2.39447
2799.87 2.39458
2899.89 2.39445
2949.99 2.39459
2999.92 2.39432
3050.02 2.39439
3099.92 2.39432
3149.85 2.3943
3199.96 2.39429
3299.98 2.39417
3349.89 2.39418
3400 2.39409
3449.92 2.39423
3499.84 2.39426
3549.94 2.39405
3599.87 2.39412
3649.96 2.39402
3699.88 2.39418
3749.98 2.39423
3799.91 2.39409
3850.01 2.39406
3899.92 2.39413
3949.85 2.39419
3999.94 2.39392
4099.96 2.39405
4149.89 2.39396
4200 2.39381
4249.91 2.39409
4299.82 2.39404
4349.94 2.39387
4399.85 2.39401
4449.95 2.39401
4499.87 2.39385
4549.97 2.39384
4599.89 2.39387
4649.81 2.39389
4699.91 2.39382
4749.83 2.39379
4799.94 2.39387
4849.85 2.39393
4899.96 2.39393
4949.88 2.39366
5049.9 2.39387
5099.81 2.39373
5149.92 2.39385
5199.82 2.39397
5249.94 2.39374
5299.86 2.39375
5349.96 2.39378
5399.88 2.39371
5449.79 2.39372
5499.9 2.39365
5549.81 2.39357
5649.84 2.39361
5699.94 2.39348
5749.87 2.39356
5799.97 2.39355
5849.88 2.3936
5899.81 2.39361
5949.91 2.39356
5999.83 2.39349
6049.93 2.39357
6099.84 2.39325
6149.95 2.39338
6199.88 2.39335
6249.79 2.39326
6299.89 2.39341
6349.8 2.39334
6449.83 2.3933
6499.93 2.39325
6549.86 2.39332
6599.77 2.39324
6649.87 2.39309
6699.8 2.39319
6749.89 2.39325
6799.82 2.39314
6849.92 2.3931
6899.84 2.39307
6949.94 2.39323
7049.78 2.39313
7099.89 2.39314
7149.8 2.39291
7199.9 2.39298
7249.82 2.39295
7299.92 2.39279
7349.85 2.39274
7399.76 2.39259
7449.87 2.39274
7499.78 2.39288
7549.89 2.39257
7649.91 2.39269
7699.83 2.39272
7749.74 2.39257
7799.85 2.39254
7849.77 2.39249
7899.87 2.39278
7949.78 2.39251
8049.81 2.39234
8099.92 2.39245
8149.83 2.39242
8199.77 2.39248
8299.77 2.39253
8349.87 2.39237
8399.8 2.39241
8449.9 2.39233
8499.81 2.39239
8549.74 2.39215
8599.84 2.39215
8649.76 2.39233
8699.84 2.39224
8749.77 2.39216
8799.88 2.39218
8899.9 2.39217
8949.83 2.39198
8999.74 2.39192
9049.84 2.39198
9099.77 2.39203
9149.86 2.39197
9199.78 2.39222
9299.8 2.39191
9349.72 2.39189
9399.82 2.39187
9449.75 2.39176
9549.76 2.39181
9599.87 2.39178
9649.79 2.39174
9699.71 2.39181
9749.8 2.39161
9799.73 2.39161
9849.83 2.39158
9949.85 2.39153
9999.77 2.3915
