1049.98 2.39502
1100.08 2.39491
1100.06 2.39494
1149.96 2.3949
1149.99 2.39484
1199.89 2.39497
1249.97 2.39453
1249.99 2.39499
1299.91 2.39481
1350.02 2.3947
1350.02 2.39474
1399.94 2.39485
1399.93 2.39478
1450.05 2.39452
1499.96 2.395
1499.98 2.3947
1549.88 2.39506
1599.99 2.39467
1599.98 2.39448
1649.91 2.39493
1649.89 2.39482
1700 2.39483
1749.92 2.39479
1749.93 2.39487
1800.01 2.39464
1849.92 2.39463
1849.95 2.39475
1900.04 2.39455
1900.04 2.39486
1949.99 2.39477
1999.87 2.39464
1999.86 2.39484
2049.99 2.39495
2099.91 2.39486
2099.9 2.39487
2150.01 2.3948
2199.91 2.39479
2199.91 2.39466
2250.03 2.39496
2250.03 2.39498
2299.96 2.39487
2349.86 2.39492
2349.87 2.39487
2399.96 2.39483
2449.89 2.39496
2449.9 2.39486
2499.98 2.39497
2499.99 2.39501
2549.91 2.39484
2600.02 2.39474
2600.02 2.39476
2649.93 2.39497
2700.04 2.39471
2700.03 2.39481
2749.95 2.39492
2799.87 2.39485
2799.87 2.39484
2849.98 2.39481
2849.98 2.39481
2899.89 2.3949
2950 2.39486
2950 2.39478
2999.91 2.39488
3050.01 2.39496
3050.04 2.39477
3099.94 2.39508
3099.93 2.39506
3149.85 2.3949
3199.97 2.39478
3199.96 2.39472
3249.88 2.39476
3300 2.39504
3299.97 2.39494
3349.9 2.3949
3399.99 2.39483
3400 2.39499
3449.9 2.39488
3449.9 2.39493
3499.84 2.39481
3549.92 2.39502
3549.94 2.39488
3599.86 2.39508
3649.97 2.39496
3649.97 2.39476
3699.87 2.39494
3699.88 2.3949
3749.98 2.39518
3799.89 2.39482
3799.91 2.39488
3850.01 2.39486
3899.92 2.39489
3899.92 2.39506
3949.84 2.39493
3949.83 2.39504
3999.94 2.39493
4049.86 2.39497
4049.85 2.39511
4099.96 2.39503
4149.88 2.39512
4149.88 2.39503
4199.99 2.39491
4199.99 2.39488
4249.91 2.39494
4299.82 2.39496
4299.82 2.39496
4349.91 2.395
4399.86 2.39512
4399.84 2.39502
4449.95 2.39495
4449.96 2.39496
4499.87 2.39494
4549.97 2.39491
4549.97 2.39478
4599.89 2.39486
4649.8 2.39484
4649.8 2.39506
4699.91 2.39487
4699.89 2.39476
4749.81 2.3949
4799.95 2.39492
4799.94 2.39472
4849.84 2.39473
4899.96 2.39475
4899.97 2.3948
4949.88 2.39485
4949.89 2.39502
4999.97 2.395
5049.9 2.39476
5049.9 2.3948
5099.82 2.39483
5149.92 2.39493
5149.92 2.39496
5199.83 2.39476
5249.94 2.39478
5249.95 2.39459
5299.87 2.39464
5299.85 2.39463
5349.96 2.39463
5399.89 2.39451
5399.89 2.39478
5449.8 2.39473
5499.9 2.39454
5499.89 2.39461
5549.83 2.39432
5549.82 2.39449
5599.93 2.3946
5649.85 2.39454
5649.84 2.39454
5699.94 2.39432
5749.87 2.39448
5749.85 2.39434
5799.97 2.39433
5799.97 2.39468
5849.87 2.39452
5899.8 2.39443
5899.8 2.39443
5949.92 2.39431
5999.8 2.39413
5999.8 2.39429
6049.93 2.39452
6049.92 2.39437
6099.83 2.39441
6149.94 2.39437
6149.95 2.39425
6199.86 2.39433
6249.77 2.39417
6249.79 2.39428
6299.88 2.39422
6346.18 2.39284
6349.8 2.39424
6399.9 2.39416
6399.92 2.39407
6449.83 2.39429
6499.94 2.39421
6499.92 2.39394
6549.84 2.39424
6599.77 2.39414
6599.76 2.39427
6649.86 2.39402
6649.88 2.39416
6699.8 2.39414
6749.89 2.39402
6749.89 2.39409
6799.81 2.39397
6849.92 2.39394
6849.92 2.39403
6899.83 2.39393
6899.86 2.39392
6949.94 2.39376
6999.85 2.39397
6999.86 2.39398
7049.77 2.39378
7099.87 2.39385
7099.88 2.39369
7149.8 2.39369
7149.81 2.39362
7199.9 2.39374
7249.82 2.39372
7249.82 2.39379
7299.92 2.3938
7349.84 2.39385
7349.85 2.39378
7399.75 2.39373
7399.75 2.39369
7449.86 2.39372
7499.78 2.39385
7499.79 2.39373
7549.9 2.3937
7599.81 2.39357
7599.8 2.39357
7649.9 2.39342
7649.91 2.39332
7699.81 2.39352
7749.75 2.39376
7749.74 2.39348
7799.86 2.39355
7849.77 2.39345
7849.76 2.39341
7899.88 2.39344
7899.87 2.3933
7949.78 2.39329
7999.89 2.39335
7999.88 2.39348
8049.81 2.39347
8099.9 2.39338
8099.91 2.39327
8149.84 2.39329
8149.83 2.39344
8199.75 2.39337
8249.84 2.39313
8249.83 2.3933
8299.77 2.3932
8349.89 2.39314
8349.9 2.39313
8399.8 2.39305
8399.77 2.39317
8449.88 2.39312
8499.82 2.39306
8499.82 2.3933
8549.73 2.39299
8599.82 2.39311
8599.83 2.39295
8649.75 2.39296
8649.77 2.39304
8699.87 2.39304
8749.78 2.39292
8749.79 2.39281
8799.88 2.39308
8849.79 2.39274
8849.79 2.39286
8899.9 2.3929
8949.81 2.39289
8949.82 2.39283
8999.74 2.39292
8999.73 2.39285
9049.84 2.39273
9099.76 2.39261
9099.74 2.39269
9149.88 2.39272
9199.8 2.39266
9199.77 2.39261
9249.86 2.39262
9249.88 2.39262
9299.79 2.39262
9349.72 2.39257
9349.72 2.39251
9399.82 2.39269
9449.73 2.39252
9449.75 2.39249
9499.84 2.39241
9499.83 2.39244
9549.76 2.39257
9599.86 2.39243
9599.87 2.39248
9649.77 2.39236
9699.7 2.39238
9699.71 2.3923
9749.82 2.39237
9749.82 2.39231
9799.73 2.39218
9849.83 2.39216
9849.83 2.39208
9899.75 2.39221
9949.85 2.39201
9949.86 2.39201
9999.8 2.39205
9999.79 2.39209
