1049.97 0.516187
1100.06 0.538718
1149.98 0.560947
1199.88 0.582927
1250 0.604696
1299.9 0.6261
1399.93 0.668219
1450.04 0.688805
1499.95 0.709304
1549.9 0.729318
1599.97 0.749176
1649.9 0.768696
1699.99 0.788048
1800.04 0.825876
1849.93 0.844189
1900.05 0.862308
1949.96 0.880092
1999.87 0.897834
2049.99 0.915019
2099.9 0.931967
2150.02 0.948859
2199.91 0.965271
2250.03 0.981488
2299.96 0.997434
2399.97 1.02844
2449.89 1.04345
2499.99 1.05844
2549.91 1.07303
2600.02 1.08739
2649.94 1.10158
2700.04 1.11546
2749.94 1.12911
2799.88 1.14234
2849.98 1.15552
2899.9 1.16844
2949.99 1.18116
2999.91 1.19344
3050.01 1.20561
3099.92 1.21769
3149.85 1.22943
3199.96 1.24111
3249.88 1.25246
3299.98 1.26344
3400 1.28508
3449.92 1.29552
3499.84 1.30578
3549.92 1.31614
3599.86 1.32601
3649.95 1.33591
3699.88 1.34549
3749.98 1.35498
3799.91 1.36402
3850.01 1.37321
3899.93 1.38202
3949.83 1.39075
3999.93 1.39979
4049.85 1.40777
4099.97 1.41606
4149.89 1.42415
4199.99 1.43202
4249.9 1.43986
4299.83 1.44748
4349.93 1.45509
4399.84 1.46255
4449.96 1.46976
4499.87 1.47691
4599.89 1.4907
4649.79 1.49734
4699.91 1.50406
4749.83 1.51063
4799.93 1.51704
4849.85 1.52324
4899.95 1.52948
4949.88 1.53549
4999.96 1.54133
5049.9 1.54732
5099.81 1.55307
5199.84 1.5642
5249.93 1.56957
5299.86 1.57495
5349.97 1.58029
5399.88 1.58536
5449.79 1.5905
5499.91 1.59546
5549.82 1.60047
5599.92 1.60517
5649.84 1.60969
5699.95 1.61447
5799.96 1.62352
5849.89 1.62795
5899.81 1.63222
5949.91 1.63653
6049.93 1.64487
6099.85 1.64883
6149.95 1.65289
6199.87 1.65687
6249.79 1.66055
6299.9 1.66443
6349.81 1.66827
6449.83 1.67549
6499.93 1.67898
6549.86 1.68258
6599.77 1.68597
6699.79 1.69292
6749.9 1.69607
6799.81 1.69929
6849.92 1.70241
6899.83 1.70556
6949.95 1.70855
6999.84 1.71163
7049.78 1.71459
7099.88 1.71749
7149.8 1.72042
7199.9 1.72321
7299.92 1.72887
7349.84 1.73156
7399.76 1.73429
7449.86 1.73692
7549.87 1.74208
7599.8 1.7447
7649.91 1.74704
7699.83 1.74959
7749.74 1.75185
7799.84 1.75429
7849.76 1.75658
7949.78 1.76125
7999.89 1.7635
8049.81 1.76566
8099.91 1.7678
8149.83 1.77001
8199.75 1.77205
8249.85 1.774
8299.77 1.77616
8349.87 1.77824
8399.79 1.78021
8449.89 1.78206
8499.82 1.78415
8549.74 1.78598
8599.82 1.788
8649.74 1.78971
8749.78 1.79338
8799.89 1.79526
8849.8 1.79703
8899.9 1.79872
8949.82 1.80042
8999.74 1.80212
9049.83 1.80379
9149.86 1.80701
9199.79 1.80868
9249.89 1.81025
9299.81 1.81186
9399.83 1.81486
9449.73 1.81626
9499.85 1.81781
9549.77 1.81933
9599.87 1.82082
9649.78 1.82217
9699.71 1.82354
9749.81 1.82497
9799.73 1.82627
9849.83 1.8279
9899.75 1.82897
9999.76 1.8315
