1000.03 0.487765
1049.97 0.510285
1100.09 0.532644
1100.06 0.532586
1150.01 0.554377
1149.92 0.554456
1199.92 0.576213
1250.01 0.597772
1249.97 0.597773
1299.94 0.618886
1350.03 0.639864
1350.01 0.639967
1399.95 0.660677
1399.87 0.660681
1450.04 0.681219
1499.95 0.701386
1499.98 0.701333
1549.87 0.721205
1599.98 0.740981
1599.96 0.74093
1649.94 0.760472
1699.97 0.779493
1700.05 0.779576
1749.91 0.798345
1749.95 0.798271
1800.02 0.816968
1849.92 0.835307
1849.97 0.835307
1900.05 0.853374
1949.96 0.871123
1949.96 0.871099
1999.89 0.888686
1999.87 0.888724
2049.96 0.905831
2099.87 0.922816
2099.89 0.922716
2150.03 0.939553
2199.95 0.955994
2199.91 0.956012
2250.03 0.972186
2299.95 0.987988
2299.96 0.988006
2349.89 1.00369
2349.9 1.00361
2399.95 1.01904
2449.86 1.03406
2449.86 1.03414
2500 1.04908
2549.91 1.06366
2549.9 1.06367
2600.03 1.07809
2600 1.07798
2649.92 1.0922
2700.05 1.106
2700.04 1.10613
2749.98 1.11968
2799.88 1.13306
2799.86 1.133
2849.97 1.14612
2849.97 1.14609
2899.89 1.15906
2950.01 1.17181
2950 1.17174
2999.93 1.18436
3050.03 1.19654
3050.03 1.19643
3099.97 1.20853
3149.89 1.2202
3149.89 1.22016
3199.95 1.23189
3199.98 1.23186
3249.88 1.24332
3299.98 1.25448
3299.96 1.25438
3349.9 1.26539
3349.9 1.26536
3400.01 1.27626
3449.93 1.2867
3449.92 1.2868
3499.83 1.29714
3549.96 1.30733
3549.96 1.30742
3599.82 1.31732
3599.86 1.31744
3649.94 1.3272
3699.87 1.33681
3699.89 1.33688
3749.98 1.34646
3749.98 1.3465
3799.91 1.35563
3850.02 1.36492
3850.02 1.36474
3899.91 1.37389
3949.85 1.38261
3949.83 1.38275
3999.94 1.3914
4049.87 1.39968
4049.86 1.39976
4099.98 1.40818
4099.97 1.40803
4149.9 1.41625
4199.99 1.42432
4200 1.42424
4249.92 1.43211
4299.83 1.43992
4299.81 1.43982
4349.95 1.4474
4349.93 1.4474
4399.82 1.45495
4449.97 1.4624
4449.95 1.46225
4499.88 1.46956
4549.99 1.4765
4549.97 1.47662
4599.91 1.48361
4599.89 1.48356
4649.8 1.49044
4699.91 1.49693
4699.91 1.49683
4749.83 1.50358
4799.93 1.50998
4799.95 1.51002
4849.84 1.51633
4849.85 1.51633
4899.94 1.52274
4949.87 1.52877
4949.87 1.52863
4999.98 1.53482
5049.9 1.54062
5049.9 1.54066
5099.83 1.54642
5099.82 1.54631
5149.93 1.55226
5199.83 1.55766
5199.81 1.55762
5249.92 1.56318
5299.86 1.56857
5299.86 1.56853
5349.97 1.57396
5399.88 1.57924
5399.89 1.57906
5449.8 1.58429
5449.8 1.58426
5499.9 1.58933
5549.82 1.59423
5549.84 1.59423
5599.92 1.59918
5649.85 1.60394
5649.83 1.60385
5699.96 1.60876
5699.95 1.60849
5749.87 1.61322
5799.99 1.61775
5799.97 1.61767
5849.89 1.62232
5899.81 1.62676
5899.78 1.6266
5949.9 1.63103
5949.93 1.63089
5999.81 1.63515
6049.92 1.63942
6049.93 1.6394
6099.85 1.64363
6149.95 1.64759
6149.96 1.64755
6199.87 1.65148
6199.87 1.65154
6249.78 1.65544
6299.9 1.65938
6299.88 1.65921
6349.8 1.66298
6399.93 1.66686
6399.93 1.66684
6449.86 1.67051
6449.83 1.67047
6499.92 1.67408
6549.85 1.67759
6549.86 1.67776
6599.77 1.68126
6649.88 1.68459
6649.88 1.68458
6699.81 1.68795
6749.91 1.69134
6749.88 1.69133
6799.8 1.69456
6799.83 1.69457
6849.91 1.6977
6899.83 1.70097
6899.84 1.70084
6949.94 1.7041
6949.94 1.70399
6999.86 1.70714
7049.77 1.71006
7049.78 1.71014
7099.9 1.71299
7149.78 1.71601
7149.8 1.71606
7199.9 1.71894
7249.83 1.72184
7249.81 1.72179
7299.93 1.72458
7299.94 1.72459
7349.84 1.72739
7399.76 1.73004
7399.75 1.72992
7449.86 1.73275
7499.78 1.73534
7499.79 1.73541
7549.87 1.73806
7549.88 1.73794
7599.8 1.74052
7649.9 1.7429
7649.91 1.74304
7699.82 1.74559
7749.74 1.74803
7749.75 1.74792
7799.84 1.75045
7849.76 1.75275
7849.77 1.75267
7899.88 1.75504
7899.88 1.75508
7949.79 1.75731
7999.88 1.75984
7999.89 1.75971
8049.82 1.76195
8099.91 1.7642
8099.9 1.76423
8149.83 1.76639
8149.83 1.76634
8199.75 1.76837
8249.83 1.77072
8249.85 1.77063
8299.76 1.77262
8349.88 1.77484
8349.87 1.77472
8399.78 1.77694
8399.8 1.77683
8449.89 1.77869
8499.81 1.78056
8499.8 1.78065
8549.73 1.78261
8599.83 1.78452
8599.84 1.7845
8649.75 1.78651
8649.76 1.78646
8699.82 1.78844
8749.78 1.79004
8749.78 1.79011
8799.88 1.79197
8849.79 1.79371
8849.8 1.79375
8899.91 1.79559
8899.9 1.79566
8949.83 1.79731
8999.74 1.79888
8999.73 1.79891
9049.83 1.80056
9099.75 1.80229
9099.77 1.80236
9149.87 1.80397
9199.78 1.80551
9199.77 1.80548
9249.89 1.80704
9249.91 1.8071
9299.79 1.80872
9349.71 1.81034
9349.72 1.81038
9399.82 1.81186
9449.73 1.81337
9449.73 1.81327
9499.86 1.81479
9499.84 1.81492
9549.76 1.81627
9599.87 1.8178
9599.87 1.81792
9649.79 1.81919
9699.69 1.82068
9699.7 1.82067
9749.82 1.82211
9799.72 1.82342
9799.73 1.82364
9849.83 1.82488
9849.84 1.825
9899.75 1.82614
9949.85 1.8276
9949.84 1.82765
9999.77 1.82872
