1000.04 1.93171
1049.96 1.92536
1100.08 1.91906
1100.06 1.91905
1149.96 1.91253
1149.97 1.91233
1199.9 1.90549
1249.99 1.89848
1249.99 1.89859
1299.9 1.89136
1350.02 1.88386
1350.02 1.88413
1399.93 1.8765
1450.05 1.86871
1450.04 1.86881
1499.95 1.86079
1499.96 1.86089
1549.88 1.85281
1599.97 1.84443
1599.98 1.84449
1649.89 1.8363
1700 1.82766
1699.99 1.82775
1749.92 1.81907
1749.92 1.8192
1800.02 1.81045
1849.94 1.80145
1849.94 1.80157
1900.04 1.79259
1949.96 1.78347
1949.96 1.78363
1999.88 1.77438
2049.98 1.7651
2049.98 1.7652
2099.89 1.75601
2099.9 1.75598
2150 1.74662
2199.92 1.7371
2199.91 1.73716
2250.02 1.72773
2299.95 1.71812
2299.94 1.71817
2349.85 1.7085
2349.86 1.70871
2399.97 1.699
2449.88 1.68935
2449.88 1.68933
2500 1.67965
2549.91 1.67001
2549.91 1.66997
2600 1.66014
2649.93 1.65038
2649.93 1.65057
2700.03 1.64067
2700.03 1.64074
2749.94 1.63097
2799.87 1.62128
2799.87 1.62129
2849.96 1.61143
2899.9 1.60191
2899.89 1.6018
2949.99 1.59208
2949.99 1.59217
2999.91 1.5824
3050.02 1.57259
3050.03 1.57269
3099.94 1.56303
3149.85 1.55341
3149.85 1.5534
3199.95 1.54379
3199.97 1.54386
3249.88 1.53436
3299.97 1.52476
3299.98 1.52478
3349.89 1.5152
3399.99 1.5057
3400.01 1.50579
3449.92 1.49638
3449.91 1.49641
3499.82 1.48716
3549.92 1.47774
3549.93 1.47769
3599.85 1.46834
3649.97 1.45923
3649.96 1.45921
3699.88 1.44997
3699.88 1.44992
3749.98 1.44086
3799.9 1.43184
3799.89 1.43177
3850 1.42283
3899.91 1.41378
3899.93 1.41374
3949.84 1.4048
3949.85 1.40475
3999.95 1.39594
4049.87 1.38718
4049.85 1.38721
4099.96 1.37843
4149.88 1.36971
4149.89 1.36973
4199.98 1.36104
4199.99 1.36104
4249.91 1.3525
4299.82 1.34405
4299.82 1.34403
4349.93 1.33559
4399.84 1.32717
4399.85 1.32725
4449.95 1.3189
4499.86 1.3106
4499.87 1.31076
4549.97 1.30247
4549.97 1.30257
4599.89 1.29439
4649.82 1.28628
4649.82 1.28639
4699.91 1.27838
4749.83 1.2704
4749.84 1.27044
4799.93 1.26257
4799.93 1.26264
4849.86 1.25479
4899.95 1.247
4899.95 1.24704
4949.88 1.23938
4999.99 1.23175
4999.98 1.23178
5049.9 1.22425
5049.9 1.22431
5099.82 1.21683
5149.92 1.20941
5149.92 1.20937
5199.85 1.20202
5249.94 1.19479
5249.94 1.19473
5299.86 1.18757
5299.85 1.18761
5349.96 1.18039
5399.88 1.17334
5399.88 1.17331
5449.8 1.16634
5499.9 1.15935
5499.9 1.15936
5549.8 1.15241
5549.81 1.15238
5599.94 1.14554
5649.84 1.13879
5649.84 1.13878
5699.94 1.13201
5749.85 1.12539
5749.85 1.12546
5799.96 1.11883
5799.96 1.11877
5849.88 1.11229
5899.8 1.10576
5899.8 1.10577
5949.91 1.09927
5999.83 1.09284
5999.83 1.0929
6049.93 1.08658
6049.92 1.08662
6099.85 1.08033
6149.94 1.0741
6149.95 1.07411
6199.86 1.06806
6249.79 1.06194
6249.79 1.06194
6299.9 1.05588
6299.89 1.05589
6349.8 1.04992
6399.91 1.04395
6399.91 1.044
6449.82 1.03811
6499.93 1.03221
6499.94 1.03226
6549.86 1.02661
6549.86 1.02656
6599.77 1.02089
6649.87 1.01517
6649.87 1.01516
6699.79 1.00955
6749.9 1.00402
6749.9 1.00397
6799.82 0.998491
6799.81 0.998476
6849.91 0.992997
6899.84 0.987594
6899.85 0.987625
6949.95 0.98225
6999.86 0.976865
6999.86 0.976938
7049.78 0.971744
7049.78 0.97169
7099.87 0.966469
7149.79 0.961255
7149.79 0.961259
7199.9 0.956095
7249.82 0.950998
7249.82 0.951034
7299.93 0.946049
7299.93 0.94602
7349.83 0.941032
7399.75 0.936021
7399.76 0.936069
7449.86 0.931147
7499.78 0.926323
7499.77 0.926386
7549.88 0.921482
7549.88 0.921495
7599.8 0.916751
7649.91 0.911922
7649.9 0.912018
7699.82 0.90729
7749.75 0.902679
7749.75 0.902662
7799.85 0.898063
7799.85 0.898088
7849.77 0.893499
7899.86 0.88895
7899.86 0.888966
7949.78 0.884479
7999.89 0.88002
7999.9 0.880074
8049.8 0.87564
8049.82 0.875719
8099.9 0.871291
8149.83 0.866971
8149.84 0.86694
8199.74 0.862659
8249.85 0.858411
8249.86 0.858395
8299.78 0.854155
8299.76 0.854195
8349.87 0.850004
8399.77 0.845866
8399.77 0.845845
8449.89 0.841749
8499.81 0.837681
8499.81 0.837619
8549.74 0.833648
8599.83 0.829628
8599.85 0.82962
8649.74 0.825621
8649.75 0.825661
8699.85 0.821764
8749.77 0.817836
8749.78 0.817821
8799.88 0.813909
8849.79 0.810115
8849.8 0.810139
8899.89 0.8063
8899.9 0.80629
8949.8 0.802481
8999.74 0.798754
8999.73 0.798819
9049.85 0.795112
9099.76 0.791383
9099.76 0.791373
9149.87 0.787722
9149.87 0.787774
9199.78 0.78414
9249.9 0.780569
9249.89 0.780559
9299.81 0.777006
9349.71 0.77344
9349.72 0.773454
9399.84 0.76998
9449.74 0.766451
9449.73 0.766542
9499.84 0.763015
9499.86 0.763019
9549.77 0.759583
9599.87 0.756171
9599.87 0.756177
9649.79 0.752861
9649.76 0.752821
9699.71 0.749504
9749.8 0.746171
9749.8 0.746212
9799.72 0.742902
9849.84 0.739667
9849.83 0.739677
9899.75 0.736458
9949.84 0.733158
9949.85 0.733187
9999.76 0.730051
9999.79 0.730057
