1000.04 1.93171 0.002
1049.96 1.92536 0.002
1100.08 1.91906 0.002
1100.06 1.91905 0.002
1149.96 1.91253 0.002
1149.97 1.91233 0.002
1199.9 1.90549 0.002
1249.99 1.89848 0.002
1249.99 1.89859 0.002
1299.9 1.89136 0.002
1350.02 1.88386 0.002
1350.02 1.88413 0.002
1399.93 1.8765 0.002
1450.05 1.86871 0.002
1450.04 1.86881 0.002
1499.95 1.86079 0.002
1499.96 1.86089 0.002
1549.88 1.85281 0.002
1599.97 1.84443 0.002
1599.98 1.84449 0.002
1649.89 1.8363 0.002
1700 1.82766 0.002
1699.99 1.82775 0.002
1749.92 1.81907 0.002
1749.92 1.8192 0.002
1800.02 1.81045 0.002
1849.94 1.80145 0.002
1849.94 1.80157 0.002
1900.04 1.79259 0.002
1949.96 1.78347 0.002
1949.96 1.78363 0.002
1999.88 1.77438 0.002
2049.98 1.7651 0.002
2049.98 1.7652 0.002
2099.89 1.75601 0.002
2099.9 1.75598 0.002
2150 1.74662 0.002
2199.92 1.7371 0.002
2199.91 1.73716 0.002
2250.02 1.72773 0.002
2299.95 1.71812 0.002
2299.94 1.71817 0.002
2349.85 1.7085 0.002
2349.86 1.70871 0.002
2399.97 1.699 0.002
2449.88 1.68935 0.002
2449.88 1.68933 0.002
2500 1.67965 0.002
2549.91 1.67001 0.002
2549.91 1.66997 0.002
2600 1.66014 0.002
2649.93 1.65038 0.002
2649.93 1.65057 0.002
2700.03 1.64067 0.002
2700.03 1.64074 0.002
2749.94 1.63097 0.002
2799.87 1.62128 0.002
2799.87 1.62129 0.002
2849.96 1.61143 0.002
2899.9 1.60191 0.002
2899.89 1.6018 0.002
2949.99 1.59208 0.002
2949.99 1.59217 0.002
2999.91 1.5824 0.002
3050.02 1.57259 0.002
3050.03 1.57269 0.002
3099.94 1.56303 0.002
3149.85 1.55341 0.002
3149.85 1.5534 0.002
3199.95 1.54379 0.002
3199.97 1.54386 0.002
3249.88 1.53436 0.002
3299.97 1.52476 0.002
3299.98 1.52478 0.002
3349.89 1.5152 0.002
3399.99 1.5057 0.002
3400.01 1.50579 0.002
3449.92 1.49638 0.002
3449.91 1.49641 0.002
3499.82 1.48716 0.002
3549.92 1.47774 0.002
3549.93 1.47769 0.002
3599.85 1.46834 0.002
3649.97 1.45923 0.002
3649.96 1.45921 0.002
3699.88 1.44997 0.002
3699.88 1.44992 0.002
3749.98 1.44086 0.002
3799.9 1.43184 0.002
3799.89 1.43177 0.002
3850 1.42283 0.002
3899.91 1.41378 0.002
3899.93 1.41374 0.002
3949.84 1.4048 0.002
3949.85 1.40475 0.002
3999.95 1.39594 0.002
4049.87 1.38718 0.002
4049.85 1.38721 0.002
4099.96 1.37843 0.002
4149.88 1.36971 0.002
4149.89 1.36973 0.002
4199.98 1.36104 0.002
4199.99 1.36104 0.002
4249.91 1.3525 0.002
4299.82 1.34405 0.002
4299.82 1.34403 0.002
4349.93 1.33559 0.002
4399.84 1.32717 0.002
4399.85 1.32725 0.002
4449.95 1.3189 0.002
4499.86 1.3106 0.002
4499.87 1.31076 0.002
4549.97 1.30247 0.002
4549.97 1.30257 0.002
4599.89 1.29439 0.002
4649.82 1.28628 0.002
4649.82 1.28639 0.002
4699.91 1.27838 0.002
4749.83 1.2704 0.002
4749.84 1.27044 0.002
4799.93 1.26257 0.002
4799.93 1.26264 0.002
4849.86 1.25479 0.002
4899.95 1.247 0.002
4899.95 1.24704 0.002
4949.88 1.23938 0.002
4999.99 1.23175 0.002
4999.98 1.23178 0.002
5049.9 1.22425 0.002
5049.9 1.22431 0.002
5099.82 1.21683 0.002
5149.92 1.20941 0.002
5149.92 1.20937 0.002
5199.85 1.20202 0.002
5249.94 1.19479 0.002
5249.94 1.19473 0.002
5299.86 1.18757 0.002
5299.85 1.18761 0.002
5349.96 1.18039 0.002
5399.88 1.17334 0.002
5399.88 1.17331 0.002
5449.8 1.16634 0.002
5499.9 1.15935 0.002
5499.9 1.15936 0.002
5549.8 1.15241 0.002
5549.81 1.15238 0.002
5599.94 1.14554 0.002
5649.84 1.13879 0.002
5649.84 1.13878 0.002
5699.94 1.13201 0.002
5749.85 1.12539 0.002
5749.85 1.12546 0.002
5799.96 1.11883 0.002
5799.96 1.11877 0.002
5849.88 1.11229 0.002
5899.8 1.10576 0.002
5899.8 1.10577 0.002
5949.91 1.09927 0.002
5999.83 1.09284 0.002
5999.83 1.0929 0.002
6049.93 1.08658 0.002
6049.92 1.08662 0.002
6099.85 1.08033 0.002
6149.94 1.0741 0.002
6149.95 1.07411 0.002
6199.86 1.06806 0.002
6249.79 1.06194 0.002
6249.79 1.06194 0.002
6299.9 1.05588 0.002
6299.89 1.05589 0.002
6349.8 1.04992 0.002
6399.91 1.04395 0.002
6399.91 1.044 0.002
6449.82 1.03811 0.002
6499.93 1.03221 0.002
6499.94 1.03226 0.002
6549.86 1.02661 0.002
6549.86 1.02656 0.002
6599.77 1.02089 0.002
6649.87 1.01517 0.002
6649.87 1.01516 0.002
6699.79 1.00955 0.002
6749.9 1.00402 0.002
6749.9 1.00397 0.002
6799.82 0.998491 0.002
6799.81 0.998476 0.002
6849.91 0.992997 0.002
6899.84 0.987594 0.002
6899.85 0.987625 0.002
6949.95 0.98225 0.002
6999.86 0.976865 0.002
6999.86 0.976938 0.002
7049.78 0.971744 0.002
7049.78 0.97169 0.002
7099.87 0.966469 0.002
7149.79 0.961255 0.002
7149.79 0.961259 0.002
7199.9 0.956095 0.002
7249.82 0.950998 0.002
7249.82 0.951034 0.002
7299.93 0.946049 0.002
7299.93 0.94602 0.002
7349.83 0.941032 0.002
7399.75 0.936021 0.002
7399.76 0.936069 0.002
7449.86 0.931147 0.002
7499.78 0.926323 0.002
7499.77 0.926386 0.002
7549.88 0.921482 0.002
7549.88 0.921495 0.002
7599.8 0.916751 0.002
7649.91 0.911922 0.002
7649.9 0.912018 0.002
7699.82 0.90729 0.002
7749.75 0.902679 0.002
7749.75 0.902662 0.002
7799.85 0.898063 0.002
7799.85 0.898088 0.002
7849.77 0.893499 0.002
7899.86 0.88895 0.002
7899.86 0.888966 0.002
7949.78 0.884479 0.002
7999.89 0.88002 0.002
7999.9 0.880074 0.002
8049.8 0.87564 0.002
8049.82 0.875719 0.002
8099.9 0.871291 0.002
8149.83 0.866971 0.002
8149.84 0.86694 0.002
8199.74 0.862659 0.002
8249.85 0.858411 0.002
8249.86 0.858395 0.002
8299.78 0.854155 0.002
8299.76 0.854195 0.002
8349.87 0.850004 0.002
8399.77 0.845866 0.002
8399.77 0.845845 0.002
8449.89 0.841749 0.002
8499.81 0.837681 0.002
8499.81 0.837619 0.002
8549.74 0.833648 0.002
8599.83 0.829628 0.002
8599.85 0.82962 0.002
8649.74 0.825621 0.002
8649.75 0.825661 0.002
8699.85 0.821764 0.002
8749.77 0.817836 0.002
8749.78 0.817821 0.002
8799.88 0.813909 0.002
8849.79 0.810115 0.002
8849.8 0.810139 0.002
8899.89 0.8063 0.002
8899.9 0.80629 0.002
8949.8 0.802481 0.002
8999.74 0.798754 0.002
8999.73 0.798819 0.002
9049.85 0.795112 0.002
9099.76 0.791383 0.002
9099.76 0.791373 0.002
9149.87 0.787722 0.002
9149.87 0.787774 0.002
9199.78 0.78414 0.002
9249.9 0.780569 0.002
9249.89 0.780559 0.002
9299.81 0.777006 0.002
9349.71 0.77344 0.002
9349.72 0.773454 0.002
9399.84 0.76998 0.002
9449.74 0.766451 0.002
9449.73 0.766542 0.002
9499.84 0.763015 0.002
9499.86 0.763019 0.002
9549.77 0.759583 0.002
9599.87 0.756171 0.002
9599.87 0.756177 0.002
9649.79 0.752861 0.002
9649.76 0.752821 0.002
9699.71 0.749504 0.002
9749.8 0.746171 0.002
9749.8 0.746212 0.002
9799.72 0.742902 0.002
9849.84 0.739667 0.002
9849.83 0.739677 0.002
9899.75 0.736458 0.002
9949.84 0.733158 0.002
9949.85 0.733187 0.002
9999.76 0.730051 0.002
9999.79 0.730057 0.002
9999.79 0.730057 0.002
