1049.95 1.93414
1100.05 1.92783
1149.97 1.92143
1199.89 1.91457
1250 1.90781
1299.91 1.90066
1350.02 1.89342
1450.04 1.87833
1499.96 1.8706
1549.87 1.86253
1599.98 1.85446
1649.89 1.84621
1700 1.83791
1749.92 1.82944
1800.02 1.82088
1849.94 1.81216
1900.04 1.80332
1949.96 1.79446
2049.98 1.77635
2099.9 1.76722
2150.01 1.75794
2199.92 1.74875
2250.02 1.73941
2299.95 1.73007
2349.87 1.72053
2399.96 1.71101
2449.89 1.70143
2499.99 1.69183
2549.91 1.68232
2649.93 1.66309
2700.03 1.65353
2749.95 1.64383
2799.87 1.6342
2849.97 1.62457
2899.88 1.61494
2949.99 1.60529
2999.91 1.59574
3050.02 1.58619
3099.94 1.57654
3149.85 1.56701
3249.87 1.54799
3299.98 1.53864
3349.9 1.52912
3400 1.51972
3449.92 1.51041
3499.83 1.50118
3549.94 1.49182
3599.86 1.48261
3649.96 1.47349
3699.88 1.46432
3749.99 1.45512
3799.9 1.4461
3850.01 1.4372
3899.93 1.42824
3949.84 1.41938
4049.86 1.40179
4099.97 1.39301
4149.89 1.38442
4199.99 1.37581
4249.91 1.36727
4299.83 1.35879
4349.93 1.35034
4399.85 1.34207
4449.95 1.3338
4499.87 1.32569
4549.98 1.31734
4649.81 1.3013
4699.91 1.29336
4749.83 1.28536
4799.93 1.27744
4849.85 1.26969
4899.96 1.26194
4949.88 1.25425
4999.98 1.24669
5049.9 1.23913
5099.81 1.23161
5149.92 1.22431
5249.94 1.20958
5299.85 1.20238
5349.96 1.19518
5399.88 1.18812
5449.8 1.1811
5499.9 1.1741
5549.82 1.16714
5599.92 1.16025
5649.85 1.15351
5699.94 1.14673
5749.87 1.14005
5849.89 1.12683
5899.8 1.12036
5949.91 1.11389
5999.83 1.10749
6049.93 1.10113
6099.85 1.09483
6149.95 1.08864
6199.86 1.08248
6249.79 1.07632
6299.89 1.07025
6349.81 1.06424
6399.91 1.05824
6449.83 1.05239
6499.94 1.04655
6549.85 1.04072
6649.88 1.0293
6699.8 1.02372
6749.89 1.01804
6799.8 1.01264
6849.92 1.00715
6899.83 1.00159
6949.94 0.996143
6999.86 0.990754
7049.78 0.985469
7099.88 0.980199
7149.8 0.975037
7249.82 0.964727
7299.92 0.95966
7349.84 0.954691
7399.76 0.949769
7449.86 0.944745
7499.78 0.939859
7549.88 0.934989
7599.8 0.930175
7649.91 0.925406
7699.83 0.920727
7749.75 0.91604
7849.77 0.906749
7899.87 0.902249
7949.79 0.897638
7999.89 0.893198
8049.8 0.88876
8099.91 0.884386
8149.83 0.880023
8249.85 0.871328
8299.77 0.867048
8349.87 0.862841
8399.79 0.858646
8499.81 0.850387
8549.73 0.846292
8599.84 0.842225
8649.75 0.838221
8699.86 0.834261
8749.77 0.830298
8799.88 0.826336
8849.8 0.822515
8899.9 0.818632
8949.82 0.814796
8999.73 0.811005
9049.84 0.807283
9099.75 0.803569
9149.86 0.799918
9199.78 0.79626
9249.88 0.792539
9299.81 0.789014
9349.72 0.785377
9399.82 0.781876
9449.74 0.77835
9499.85 0.774858
9549.76 0.771386
9649.78 0.764591
9699.71 0.761129
9749.81 0.757817
9799.73 0.75449
9849.84 0.75115
