1000.08	3.85288
1009.95	3.849
1019.99	3.84626
1030.03	3.84364
1039.89	3.84103
1049.93	3.8383
1059.98	3.83576
1070.04	3.83308
1079.9	3.83066
1089.96	3.82777
1100.03	3.82517
1109.89	3.82241
1119.96	3.81971
1139.89	3.81443
1149.95	3.81134
1160.02	3.80866
1169.89	3.8058
1190.01	3.80021
1199.89	3.79754
1209.94	3.79459
1220.01	3.79169
1230.06	3.78884
1239.94	3.78582
1250	3.78293
1260.06	3.77991
1269.94	3.77712
1280	3.77417
1290.06	3.77118
1309.99	3.76512
1320.05	3.762
1329.92	3.75922
1339.99	3.75606
1359.91	3.75001
1369.97	3.74686
1380.03	3.74378
1390.07	3.74058
1399.95	3.73769
1410	3.73435
1420.06	3.73104
1429.92	3.72808
1439.99	3.72462
1450.04	3.72164
1459.91	3.71838
1469.97	3.71513
1480.04	3.71187
1489.91	3.70872
1499.96	3.70519
1519.89	3.69868
1529.93	3.69533
1540	3.692
1549.86	3.68887
1569.98	3.68218
1580.04	3.67884
1589.91	3.67541
1599.96	3.6718
1610.02	3.66851
1619.9	3.66532
1629.95	3.6616
1640.02	3.65821
1649.88	3.65495
1659.95	3.65152
1670	3.64786
1689.94	3.64101
1700	3.6374
1709.87	3.6341
1719.92	3.63044
1740.05	3.62329
1749.91	3.61974
1759.97	3.6162
1770.03	3.61235
1789.97	3.60544
1800.02	3.60183
1809.89	3.59842
1819.96	3.5947
1830.01	3.59091
1839.89	3.58751
1849.95	3.58388
1860	3.58031
1869.87	3.57671
1879.92	3.57296
1889.98	3.56913
1900.05	3.56559
1909.93	3.56185
1919.97	3.55838
1930.03	3.55463
1949.98	3.54728
1960.02	3.54337
1969.9	3.53963
1979.96	3.53584
1990	3.53199
1999.88	3.52851
2009.94	3.52469
2019.99	3.5209
2029.86	3.51716
2039.92	3.51347
2049.98	3.50956
2060.04	3.5058
2069.9	3.50212
2079.96	3.49843
2090.03	3.49448
2099.89	3.49089
2109.95	3.48731
2120.02	3.48318
2129.88	3.47938
2150	3.47201
2159.87	3.46823
2169.94	3.46417
2179.99	3.46045
2189.86	3.45663
2199.91	3.4527
2209.97	3.44876
2220.04	3.445
2229.91	3.44102
2239.96	3.43708
2250.03	3.43339
2259.9	3.42948
2280.02	3.42177
2289.89	3.41792
2299.94	3.41392
2310	3.4099
2319.87	3.40631
2329.94	3.40245
2339.99	3.39847
2349.86	3.39462
2359.92	3.39063
2369.98	3.38674
2380.03	3.38284
2399.97	3.37497
2410.02	3.37119
2419.9	3.36734
2429.96	3.3634
2449.89	3.35559
2459.94	3.35161
2469.99	3.34791
2479.88	3.34388
2489.93	3.33997
2499.98	3.33618
2509.87	3.33205
2519.91	3.32813
2529.97	3.3241
2540.03	3.32015
2549.9	3.3163
2559.96	3.31242
2570.02	3.30841
2579.88	3.30452
2589.94	3.30054
2600.01	3.29665
2609.87	3.29275
2619.93	3.28883
2629.99	3.28499
2649.93	3.27703
2659.99	3.27308
2669.85	3.26917
2679.91	3.2653
2689.96	3.26127
2700.02	3.25745
2709.91	3.2535
2719.96	3.24949
2730.02	3.24558
2739.89	3.24159
2749.95	3.23774
2760.01	3.23389
2769.88	3.23003
2779.94	3.22597
2790	3.22201
2799.87	3.218
2809.93	3.2143
2819.99	3.2102
2829.85	3.20638
2849.97	3.19862
2860.03	3.19472
2869.91	3.19094
2879.97	3.18679
2890.01	3.18294
2899.89	3.17929
2909.95	3.17507
2920.01	3.1711
2929.87	3.16725
2939.94	3.16343
2949.98	3.1594
2959.87	3.1556
2969.93	3.15151
2979.99	3.14774
2989.86	3.14388
2999.91	3.13987
3009.96	3.13603
3020.04	3.13224
3029.9	3.12834
3050.02	3.1205
3059.87	3.11663
3069.94	3.11276
3080	3.10877
3099.93	3.10103
3109.98	3.09725
3119.86	3.09333
3129.92	3.08965
3139.98	3.08551
3149.85	3.08179
3159.91	3.07791
3169.97	3.07391
3179.84	3.07022
3189.9	3.0663
3199.96	3.0624
3210.02	3.05857
3219.89	3.05488
3229.95	3.05093
3239.99	3.04714
3259.94	3.03954
3269.99	3.03568
3279.86	3.03189
3289.93	3.02784
3309.85	3.02039
3319.9	3.01684
3329.96	3.01274
3339.85	3.00888
3359.96	3.0015
3370.01	2.99748
3379.89	2.99365
3389.94	2.99003
3400.01	2.9864
3409.88	2.9826
3419.93	2.9789
3430	2.97498
3439.85	2.97119
3449.92	2.96737
3459.98	2.96363
3479.9	2.95623
3489.97	2.95242
3499.84	2.94869
3509.89	2.94503
3519.96	2.94116
3530	2.93751
3539.87	2.93363
3549.93	2.93007
3560	2.92636
3569.87	2.92254
3579.93	2.91888
3589.99	2.9152
3599.86	2.91148
3609.92	2.90776
3619.97	2.90383
3629.85	2.90033
3639.91	2.89667
3649.96	2.89302
3659.83	2.8893
3679.95	2.88183
3690.01	2.87825
3699.88	2.87471
3709.93	2.87094
3729.87	2.8637
3739.93	2.86006
3749.97	2.8565
3759.85	2.85287
3769.91	2.84903
3779.97	2.84543
3789.83	2.84203
3799.91	2.83822
3809.95	2.83453
3819.83	2.83128
3829.89	2.82738
3839.94	2.82391
3850.01	2.82019
3859.89	2.81667
3869.94	2.81306
3880	2.80955
3889.87	2.80603
3899.93	2.8022
3909.99	2.7988
3919.86	2.79522
3929.92	2.79156
3939.97	2.78803
3949.86	2.78465
3969.96	2.77753
3979.83	2.77409
3989.9	2.77047
3999.93	2.76702
4010.01	2.76349
4019.88	2.76
4029.93	2.75646
4040	2.75306
4049.86	2.7494
4059.92	2.74598
4069.97	2.74259
4079.85	2.7392
4089.91	2.73554
4099.96	2.7321
4109.84	2.72873
4129.95	2.72172
4139.83	2.71845
4149.89	2.71489
4159.94	2.71161
4179.86	2.70467
4189.93	2.70125
4199.99	2.69795
4209.86	2.6945
4219.92	2.69104
4229.97	2.68771
4239.85	2.6842
4249.91	2.68091
4259.97	2.67754
4269.83	2.6741
4279.89	2.67079
4299.82	2.66403
4309.88	2.66078
4319.95	2.65726
4330.01	2.65391
4349.93	2.64734
4359.99	2.64389
4369.87	2.64057
4379.92	2.63731
4389.97	2.63401
4399.85	2.63072
4409.91	2.62743
4419.97	2.62424
4429.84	2.62093
4439.89	2.61758
4449.95	2.61431
4469.89	2.60762
4479.95	2.60448
4490	2.6012
4499.87	2.59789
4509.94	2.59474
4519.98	2.59135
4529.86	2.58836
4539.91	2.58498
4549.97	2.58178
4559.84	2.57868
4569.9	2.57527
4579.96	2.57215
4589.83	2.56907
4599.89	2.56571
4609.95	2.56269
4619.82	2.55935
4629.88	2.55619
4639.94	2.5529
4649.81	2.54981
4659.87	2.54659
4679.98	2.54027
4689.85	2.53715
4699.92	2.53398
4709.97	2.53082
4719.84	2.5277
4729.9	2.52447
4739.96	2.52146
4749.83	2.51831
4759.89	2.51512
4769.95	2.5121
4779.82	2.50902
4789.87	2.50593
4799.93	2.50278
4809.8	2.49971
4819.86	2.49652
4839.98	2.49039
4849.86	2.48735
4859.91	2.4842
4869.98	2.48119
4879.84	2.47817
4889.9	2.47515
4899.96	2.472
4909.83	2.46901
4919.88	2.46602
4929.94	2.46298
4939.82	2.46009
4949.88	2.45702
4959.93	2.45403
4969.8	2.45097
4979.87	2.44797
4989.92	2.44493
4999.97	2.44195
5009.85	2.43899
5019.91	2.43597
5029.97	2.43305
5039.84	2.43003
5049.89	2.42714
5059.95	2.42424
5069.83	2.42124
5079.88	2.41816
5089.93	2.41527
5099.82	2.41234
5109.88	2.40951
5119.93	2.40641
5129.8	2.40363
5139.87	2.4005
5159.98	2.39467
5169.85	2.39181
5179.91	2.38894
5189.97	2.3859
5209.9	2.38032
5219.95	2.37745
5229.83	2.37455
5239.88	2.37162
5249.94	2.36886
5259.81	2.36601
5269.87	2.3631
5279.93	2.36031
5289.8	2.35749
5299.86	2.35462
5309.92	2.3518
5329.85	2.34618
5339.9	2.34331
5349.96	2.34047
5359.84	2.33769
5369.89	2.33494
5379.95	2.33219
5389.83	2.32935
5399.89	2.32661
5409.94	2.32381
5419.81	2.32107
5429.86	2.31832
5439.92	2.31547
5449.8	2.31271
5459.85	2.31
5469.92	2.30721
5479.97	2.30435
5489.85	2.30158
5499.91	2.29893
5509.96	2.29621
5529.89	2.29075
5539.95	2.28801
5549.82	2.28536
5559.88	2.28258
5569.94	2.27993
5579.81	2.27725
5589.87	2.27453
5599.93	2.27188
5609.79	2.26911
5619.85	2.26648
5629.91	2.26383
5649.84	2.25847
5659.9	2.25574
5669.95	2.2532
5679.83	2.2505
5689.88	2.24784
5699.94	2.24511
5709.82	2.24264
5719.88	2.24006
5729.93	2.23739
5739.81	2.23467
5749.87	2.23207
5759.92	2.22938
5769.79	2.22692
5779.85	2.22426
5789.92	2.2217
5809.84	2.21647
5819.9	2.21387
5829.96	2.21133
5839.83	2.20871
5849.89	2.20618
5859.94	2.20362
5869.82	2.20101
5879.87	2.19852
5889.93	2.19589
5899.81	2.19346
5909.87	2.19077
5929.78	2.18578
5939.85	2.18319
5949.91	2.18062
5959.98	2.17816
5979.89	2.17323
5989.96	2.17066
5999.82	2.16808
6009.89	2.16562
6019.95	2.1632
6029.81	2.16058
6039.88	2.15821
6049.93	2.15568
6059.81	2.15328
6069.86	2.15088
6079.92	2.14826
6099.85	2.14343
6109.9	2.14084
6119.78	2.13847
6129.83	2.13606
6149.95	2.13114
6159.83	2.12876
6169.88	2.1263
6179.95	2.12389
6189.81	2.12146
6199.87	2.11907
6209.92	2.11671
6219.79	2.11426
6229.86	2.11182
6239.92	2.10953
6249.79	2.10708
6259.84	2.10472
6269.9	2.10239
6279.77	2.09999
6289.83	2.09764
6309.96	2.09283
6319.83	2.0905
6329.87	2.08819
6339.93	2.08577
6359.87	2.08113
6369.93	2.07878
6379.79	2.07658
6389.85	2.07421
6399.9	2.07185
6409.79	2.06956
6419.84	2.06729
6429.9	2.0649
6439.77	2.06263
6449.84	2.06028
6459.89	2.05805
6479.82	2.05343
6489.87	2.05116
6499.94	2.04881
6509.8	2.04657
6519.86	2.04431
6529.92	2.04201
6539.79	2.03983
6549.86	2.03754
6559.92	2.0353
6569.78	2.0331
6579.83	2.0308
6589.9	2.02856
6599.78	2.02632
6609.82	2.02404
6619.89	2.02185
6629.94	2.01971
6639.82	2.01745
6649.89	2.01515
6659.94	2.01294
6679.86	2.00852
6689.92	2.0063
6699.79	2.00419
6709.85	2.00199
6719.91	1.99987
6729.78	1.99763
6739.84	1.9955
6749.9	1.99335
6759.77	1.9912
6769.83	1.98897
6779.89	1.98674
6789.95	1.98455
6799.82	1.98237
6809.87	1.98036
6819.94	1.97818
6839.86	1.97376
6849.92	1.97173
6859.79	1.96956
6869.84	1.96749
6889.78	1.96317
6899.85	1.96103
6909.89	1.95899
6919.76	1.95688
6929.82	1.95477
6939.89	1.95266
6949.94	1.95054
6959.83	1.94853
6969.86	1.94638
6979.94	1.94433
6989.8	1.9422
7009.91	1.93804
7019.79	1.93595
7029.84	1.93386
7039.91	1.93185
7049.78	1.92978
7059.84	1.92774
7069.89	1.92564
7079.76	1.92374
7089.82	1.92159
7099.88	1.91953
7109.94	1.91741
7119.81	1.91542
7129.86	1.91345
7139.93	1.91144
7149.8	1.90938
7159.85	1.90733
7169.91	1.90536
7179.78	1.90333
7189.85	1.90137
7199.9	1.89927
7209.78	1.89732
7219.83	1.89529
7229.89	1.89318
7239.77	1.89132
7249.82	1.88925
7259.87	1.88722
7269.93	1.88521
7279.81	1.88329
7289.87	1.88125
7299.92	1.87929
7309.79	1.87739
7329.91	1.87345
7339.78	1.87151
7349.84	1.8695
7359.89	1.86759
7369.78	1.86565
7379.82	1.86362
7389.89	1.86174
7399.76	1.85999
7409.82	1.85793
7419.87	1.85595
7429.94	1.85419
7449.86	1.85029
7459.92	1.84833
7469.79	1.84652
7479.86	1.84456
7489.89	1.84269
7499.78	1.84074
7509.84	1.83888
7519.89	1.83692
7529.78	1.83501
7539.83	1.83295
7549.89	1.83013
7559.76	1.82811
7569.81	1.82744
7579.88	1.82556
7589.94	1.82354
7599.8	1.82178
7609.87	1.81982
7619.92	1.81797
7629.8	1.81611
7639.84	1.81427
7649.91	1.81246
7659.78	1.81051
7669.84	1.80863
7679.9	1.80679
7689.77	1.80504
7699.82	1.80314
7709.89	1.80129
7729.81	1.79763
7739.87	1.79588
7749.73	1.79404
7759.8	1.79233
7769.86	1.79037
7779.93	1.78857
7789.79	1.78687
7799.85	1.78498
7809.91	1.78318
7819.77	1.78151
7829.83	1.7797
7849.76	1.77615
7859.83	1.77441
7869.89	1.77261
7879.75	1.7709
7889.81	1.76911
7899.87	1.76726
7909.74	1.76553
7919.8	1.76383
7929.87	1.76194
7939.92	1.76022
7949.79	1.75849
7959.85	1.75679
7969.89	1.75503
7979.77	1.75325
7989.85	1.75153
7999.9	1.74977
8009.77	1.74809
8019.83	1.74638
8029.89	1.74469
8049.8	1.74115
8059.86	1.73949
8069.74	1.73775
8079.79	1.73608
8089.87	1.73436
8099.91	1.73257
8109.78	1.73087
8119.85	1.72926
8129.9	1.72746
8139.78	1.72577
8149.83	1.72414
8159.9	1.72243
8169.76	1.72077
8179.81	1.71907
8189.87	1.71739
8209.8	1.71398
8219.86	1.71237
8229.74	1.7107
8239.8	1.70906
8249.86	1.70741
8259.91	1.70579
8269.79	1.70416
8279.85	1.70244
8289.9	1.70078
8299.77	1.69909
8309.83	1.69751
8319.88	1.69579
8329.75	1.69424
8339.82	1.69255
8349.87	1.69091
8359.75	1.68938
8369.81	1.68766
8379.86	1.68604
8389.73	1.68444
8409.85	1.68119
8419.92	1.67959
8429.78	1.67798
8439.84	1.67636
8459.76	1.67307
8469.82	1.67156
8479.89	1.66988
8489.76	1.66828
8509.87	1.66511
8519.74	1.66361
8529.8	1.66202
8539.85	1.66037
8549.74	1.65882
8559.8	1.65717
8569.84	1.65569
8579.9	1.65407
8589.78	1.65255
8599.84	1.65103
8609.89	1.64939
8619.76	1.64787
8629.83	1.64625
8639.89	1.64469
8649.76	1.64317
8659.81	1.64168
8669.87	1.64006
8679.74	1.63853
8689.79	1.63702
8709.73	1.63391
8719.79	1.63232
8729.84	1.63082
8739.9	1.62926
8759.83	1.62628
8769.89	1.62469
8779.76	1.6232
8789.83	1.62165
8799.89	1.62018
8809.75	1.61866
8819.81	1.61708
8829.86	1.61564
8839.75	1.61413
8849.8	1.61256
8859.86	1.611
8879.78	1.60813
8889.86	1.60665
8899.89	1.60506
8909.77	1.60359
8929.89	1.60055
8939.76	1.59921
8949.83	1.5976
8959.87	1.59622
8969.74	1.59478
8979.8	1.59328
8989.87	1.59187
8999.73	1.59041
9009.8	1.58895
9019.85	1.58745
9029.71	1.58597
9049.84	1.58309
9059.88	1.58157
9069.78	1.58013
9079.83	1.57871
9099.76	1.57588
9109.81	1.57443
9119.87	1.57288
9129.76	1.57161
9139.8	1.57005
9149.86	1.56863
9159.75	1.56718
9169.79	1.5658
9179.86	1.56437
9189.72	1.56288
9199.77	1.56144
9209.84	1.56004
9219.72	1.5586
9229.77	1.55726
9239.83	1.55591
9249.89	1.55442
9259.76	1.55306
9269.82	1.55169
9279.87	1.55022
9289.75	1.54886
9299.81	1.54741
9309.85	1.54603
9319.73	1.5447
9339.85	1.54185
9349.72	1.54044
9359.78	1.53908
9369.85	1.53762
9389.76	1.53491
9399.83	1.53357
9409.88	1.5322
9419.75	1.53084
9429.81	1.52938
9439.88	1.52808
9449.74	1.5267
9459.8	1.52532
9469.86	1.52391
9479.74	1.52262
9489.79	1.52136
9509.72	1.51854
9519.77	1.51718
9529.84	1.51586
9539.71	1.51451
9549.77	1.51318
9559.83	1.51186
9569.89	1.51055
9579.75	1.50917
9589.82	1.50781
9599.87	1.50636
9609.75	1.50512
9619.8	1.50384
9629.85	1.50235
9639.73	1.50115
9649.79	1.49986
9669.72	1.4972
9679.78	1.49582
9689.84	1.49452
9699.7	1.49313
9719.82	1.49062
9729.88	1.48916
9739.75	1.48803
9749.8	1.48657
9759.87	1.48532
9769.75	1.48415
9779.8	1.4828
9789.86	1.48152
9809.8	1.47893
9819.85	1.47763
9829.72	1.47633
9839.78	1.4751
9849.84	1.47379
9859.7	1.47252
9869.77	1.47126
9879.82	1.47001
9889.87	1.46868
9899.75	1.46746
9909.8	1.46613
9929.74	1.46361
9939.78	1.46245
9949.84	1.46113
9959.73	1.45983
9979.84	1.45731
9989.72	1.45606
9999.78	1.45478