5e-06 3.30514
1e-05 2.91891
1.5e-05 2.58129
2e-05 2.28872
2.5e-05 2.02963
3e-05 1.8024
3.5e-05 1.60027
4e-05 1.42197
4.5e-05 1.26619
5e-05 1.12779
5.5e-05 1.00388
6e-05 0.893482
6.5e-05 0.795317
7e-05 0.709382
7.5e-05 0.632138
8e-05 0.562939
8.5e-05 0.5005
9e-05 0.44836
9.5e-05 0.402013
0.0001 0.356632
0.000105 0.318653
0.00011 0.284537
0.000115 0.253961
0.00012 0.224994
0.000125 0.202464
0.00013 0.180257
0.000135 0.159658
0.00014 0.144531
0.000145 0.12876
0.00015 0.115242
0.000155 0.10269
0.00016 0.0891724
0.000165 0.0820916
0.00017 0.0724361
0.000175 0.0643898
0.00018 0.0563435
0.000185 0.0505501
0.00019 0.0447568
0.000195 0.0412164
0.0002 0.0367105
0.000205 0.0315608
0.00021 0.0276986
0.000215 0.0251238
0.00022 0.0219053
0.000225 0.0196523
0.00023 0.0177212
0.000235 0.0167556
0.00024 0.0128934
0.000245 0.0122497
