5e-06   3.30809
1e-05   2.92219
1.5e-05 2.58713
2e-05 2.29167
2.5e-05 2.03322
3e-05   1.80663
3.5e-05 1.60387
4e-05   1.42717
4.5e-05 1.26978
5e-05 1.12978
5.5e-05 1.00618
6e-05   0.897397
6.5e-05 0.800519
7e-05   0.713619
7.5e-05 0.636052
8e-05   0.568141
8.5e-05 0.506667
9e-05   0.451309
9.5e-05 0.402387
0.0001  0.360224
0.000105 0.321924
0.00011  0.288451
0.000115 0.257232
0.00012  0.22923
0.000125 0.203804
0.00013  0.184815
0.000135 0.163251
0.00014  0.145871
0.000145 0.131387
0.00015  0.117869
0.000155 0.106605
0.00016  0.0963054
0.000165 0.0850405
0.00017  0.0760287
0.000175 0.0666949
0.00018  0.0609016
0.000185 0.0573612
0.00019  0.0499586
0.000195 0.044809
0.0002   0.0406249
0.000205 0.0374064
0.00021  0.0319349
0.000215 0.0296819
0.00022  0.0267853
0.000225 0.0226012
0.00023  0.0219575
0.000235 0.0206701
0.00024  0.0193827
0.000245 0.0174515
0.00025  0.0151986
0.000255 0.0129456
0.00026  0.0103708
0.000265 0.0106926
0.00027  0.0119801
0.000275 0.00876153
0.00028  0.00876153
0.000285 0.00811783
0.00029  0.00715227
0.000295 0.00618672
0.0003   0.00489931
0.000305 0.00522116
0.00031  0.00586486
0.000315 0.00393375
0.00032  0.00393375
0.000325 0.00457745
0.00033  0.00393375
0.000335 0.00329005
0.00034  0.00296819
0.000345 0.00296819
0.00035  0.00232449
0.000355 0.00329005
0.00036  0.00200264
0.000365 0.00168078
0.00037  0.00103708
0.000375 0.00103708
0.00038  0.00135893
0.000385 0.00168078
0.00039  0.00168078
0.000395 0.000715227
0.0004   0.00025033
0.000405 0.00168078
0.00041  0.000715227
0.000415 0.00103708
0.00042  0.00135893
0.000425 0.000715227
0.00043  0.00103708
0.000435 0.000715227
0.00044  0.00103708
0.000445 0.00103708
0.00045  0.00135893
