5e-06 -3.26176
1e-05 -2.88068
1.5e-05 -2.54595
2e-05 -2.24985
2.5e-05 -1.99108
3e-05 -1.76127
3.5e-05 -1.55915
4e-05 -1.37987
4.5e-05 -1.22088
5e-05 -1.08087
5.5e-05 -0.955989
6e-05 -0.846236
6.5e-05 -0.74807
7e-05 -0.662134
7.5e-05 -0.585854
8e-05 -0.517942
8.5e-05 -0.457754
9e-05 -0.404648
9.5e-05 -0.357978
0.0001 -0.31678
0.000105 -0.279767
0.00011 -0.248225
0.000115 -0.219257
0.00012 -0.194796
0.000125 -0.171944
0.00013 -0.151667
0.000135 -0.134287
0.00014 -0.118837
0.000145 -0.105963
0.00015 -0.0937324
0.000155 -0.083433
0.00016 -0.0737772
0.000165 -0.065087
0.00017 -0.0576843
0.000175 -0.0515689
0.00018 -0.0457755
0.000185 -0.0406257
0.00019 -0.0361197
0.000195 -0.0319356
0.0002 -0.0283951
0.000205 -0.0254984
0.00021 -0.0226016
0.000215 -0.0200268
0.00022 -0.0180956
0.000225 -0.0158426
0.00023 -0.0145552
0.000235 -0.012624
0.00024 -0.0106929
0.000245 -0.010371
0.00025 -0.008118
0.000255 -0.00747428
0.00026 -0.00747428
0.000265 -0.00618684
0.00027 -0.00554313
0.000275 -0.00489941
0.00028 -0.00457755
0.000285 -0.00425569
0.00029 -0.00329011
0.000295 -0.00329011
0.0003 -0.00296825
0.000305 -0.0026464
0.00031 -0.00200268
0.000315 -0.0026464
0.00032 -0.00232454
0.000325 -0.00168082
0.00033 -0.00135896
0.000335 -0.000715242
0.00034 -0.000715242
0.000345 -0.0010371
0.00035 -0.000715242
0.000355 -0.000715242
0.00036 -0.000393383
0.000365 -0.0010371
0.00037 -0.000715242
0.000375 -7.15242e-05
0.00038 -7.15242e-05
0.000385 0.000250335
0.00039 -7.15242e-05
0.000395 -0.000393383
0.0004 -0.000393383
0.000405 -0.000393383
0.00041 -7.15242e-05
0.000415 0.000572194
0.00042 0.000572194
0.000425 -7.15242e-05
0.00043 -7.15242e-05
0.000435 -0.000393383
0.00044 0.000250335
0.000445 -7.15242e-05
0.00045 0.000250335
