5e-06 -3.26145
1e-05 -2.88038
1.5e-05 -2.54469
2e-05 -2.25019
2.5e-05 -1.99045
3e-05 -1.76065
3.5e-05 -1.55884
4e-05 -1.37925
4.5e-05 -1.22057
5e-05 -1.0796
5.5e-05 -0.955364
6e-05 -0.845611
6.5e-05 -0.747445
7e-05 -0.661509
7.5e-05 -0.584585
8e-05 -0.516351
8.5e-05 -0.456163
9e-05 -0.403379
9.5e-05 -0.357031
0.0001 -0.314868
0.000105 -0.279142
0.00011 -0.246956
0.000115 -0.21831
0.00012 -0.192562
0.000125 -0.170353
0.00013 -0.15072
0.000135 -0.13334
0.00014 -0.117569
0.000145 -0.104051
0.00015 -0.0924636
0.000155 -0.0815204
0.00016 -0.0721865
0.000165 -0.0631744
0.00017 -0.0554498
0.000175 -0.0496564
0.00018 -0.0435411
0.000185 -0.0393569
0.00019 -0.0348509
0.000195 -0.0306667
0.0002 -0.0268044
0.000205 -0.0239077
0.00021 -0.0206891
0.000215 -0.0184361
0.00022 -0.0161831
0.000225 -0.0139301
0.00023 -0.0129645
0.000235 -0.0110333
0.00024 -0.00974589
0.000245 -0.00878031
