1049.95 -1.06416
1100.05 -0.932931
1149.97 -0.950272
1249.99 -1.06022
1299.91 -0.892577
1350.01 -0.973612
1399.93 -1.05889
1499.95 -0.926236
1549.87 -0.905533
1599.97 -0.877769
1649.89 -1.00536
1700 -0.919098
1749.92 -0.914601
1800.02 -0.933782
1849.94 -0.891928
1900.04 -0.951265
1949.95 -0.885125
1999.88 -0.879056
2049.98 -0.908876
2099.91 -0.860629
2150.01 -0.887104
2199.92 -1.01404
2299.94 -1.00956
2349.86 -0.877532
2399.97 -0.847235
2449.88 -0.819131
2499.99 -0.808365
2549.92 -0.822451
2600.01 -0.810639
2649.93 -0.943561
2700.03 -0.848094
2749.96 -0.796555
2799.87 -0.844733
2899.89 -0.921119
2949.99 -0.839553
2999.92 -0.930609
3050.02 -0.806119
3099.92 -0.83877
3149.85 -0.815007
3199.96 -0.795482
3299.98 -0.859939
3349.89 -0.762878
3400 -0.738446
3449.92 -0.818672
3499.84 -0.745036
3549.94 -0.744884
3599.87 -0.887613
3649.96 -0.7499
3699.88 -0.834967
3749.98 -0.708434
3799.91 -0.858914
3850.01 -0.862437
3899.92 -0.700937
3949.85 -0.732627
3999.94 -0.768686
4099.96 -0.741699
4149.89 -0.730787
4200 -0.667608
4249.91 -0.760023
4299.82 -0.811259
4349.94 -0.750628
4399.85 -0.683281
4449.95 -0.714041
4499.87 -0.69157
4549.97 -0.782028
4599.89 -0.7094
4649.81 -0.763127
4699.91 -0.806561
4749.83 -0.659896
4799.94 -0.711599
4849.85 -0.724379
4899.96 -0.686741
4949.88 -0.75962
5049.9 -0.592239
5099.81 -0.706773
5149.92 -0.595319
5199.82 -0.741967
5249.94 -0.655399
5299.86 -0.709199
5349.96 -0.625345
5399.88 -0.641217
5449.79 -0.635327
5499.9 -0.733403
5549.81 -0.620216
5649.84 -0.794848
5699.94 -0.693294
5749.87 -0.655929
5799.97 -0.679733
5849.88 -0.640237
5899.81 -0.676668
5949.91 -0.593012
5999.83 -0.599066
6049.93 -0.730128
6099.84 -0.642964
6149.95 -0.6867
6199.88 -0.648314
6249.79 -0.63578
6299.89 -0.663155
6349.8 -0.624256
6449.83 -0.634885
6499.93 -0.617793
6549.86 -0.749531
6599.77 -0.601237
6649.87 -0.617355
6699.8 -0.634143
6749.89 -0.637548
6799.82 -0.630687
6849.92 -0.593982
6899.84 -0.546974
6949.94 -0.60944
7049.78 -0.656312
7099.89 -0.5905
7149.8 -0.504434
7199.9 -0.614556
7249.82 -0.526365
7299.92 -0.525212
7349.85 -0.486461
7399.76 -0.52531
7449.87 -0.53116
7499.78 -0.519852
7549.89 -0.595233
7649.91 -0.495098
7699.83 -0.645609
7749.74 -0.483449
7799.85 -0.639373
7849.77 -0.568218
7899.87 -0.598468
7949.78 -0.446731
8049.81 -0.567133
8099.92 -0.422834
8149.83 -0.559975
8199.77 -0.554566
8299.77 -0.45837
8349.87 -0.474172
8399.8 -0.408567
8449.9 -0.424295
8499.81 -0.521485
8549.74 -0.644547
8599.84 -0.412444
8649.76 -0.491109
8699.84 -0.532409
8749.77 -0.600896
8799.88 -0.582914
8899.9 -0.527277
8949.83 -0.56674
8999.74 -0.536836
9049.84 -0.571508
9099.77 -0.423962
9149.86 -0.521872
9199.78 -0.447573
9299.8 -0.443625
9349.72 -0.39824
9399.82 -0.423025
9449.75 -0.467747
9549.76 -0.282269
9599.87 -0.437747
9649.79 -0.402775
9699.71 -0.393147
9749.8 -0.478773
9799.73 -0.395711
9849.83 -0.389356
9949.85 -0.45345
9999.77 -0.396173
