1049.95 -1.09402
1049.96 -1.08194
1100.05 -1.02625
1100.05 -1.0153
1149.97 -1.08083
1199.88 -0.914742
1199.89 -1.05414
1250 -0.942977
1299.91 -1.01721
1299.91 -1.06439
1350.02 -0.970454
1399.94 -0.933537
1399.94 -0.940192
1450.04 -0.918985
1450.04 -0.905511
1499.96 -0.971664
1549.87 -0.892857
1549.87 -1.0171
1599.97 -0.920021
1649.89 -0.97242
1649.9 -1.00114
1700 -0.884497
1700 -0.896467
1749.92 -0.948824
1800.03 -0.877607
1800.02 -1.009
1849.95 -0.924134
1900.05 -0.876508
1900.05 -0.889306
1949.96 -0.864968
1999.87 -0.84799
1999.88 -0.900134
2049.99 -0.974061
2049.98 -0.891736
2099.91 -0.990206
2150.01 -0.893148
2150.01 -0.870163
2199.93 -0.987107
2250.02 -0.833849
2250.03 -0.89863
2299.94 -0.942749
2349.86 -0.846906
2349.87 -0.850304
2399.96 -0.829094
2399.97 -0.855244
2449.88 -0.949304
2499.98 -0.830133
2499.99 -0.912941
2549.91 -0.904204
2600.02 -0.992154
2600.01 -0.827412
2649.93 -0.905605
2649.93 -0.839555
2700.03 -0.803347
2749.96 -0.828256
2749.95 -0.786548
2799.87 -0.842579
2849.98 -0.818814
2849.97 -0.851289
2899.88 -0.841703
2949.99 -0.794365
2949.99 -0.873418
2999.9 -0.851913
2999.91 -0.786202
3050.02 -0.809519
3099.94 -0.817725
3099.94 -0.791605
3149.86 -0.823419
3199.96 -0.780909
3199.96 -0.884995
3249.88 -0.901854
3299.98 -0.773563
3299.98 -0.75915
3349.89 -0.787731
3349.89 -0.722914
3400 -0.818992
3449.92 -0.752082
3449.91 -0.966248
3499.83 -0.761422
3549.94 -0.769326
3549.95 -0.808059
3599.86 -0.787615
3649.96 -0.85529
3649.96 -0.819486
3699.88 -0.720668
3699.87 -0.878188
3749.99 -0.737112
3799.9 -0.709168
3799.9 -0.848631
3850 -0.714076
3899.92 -0.753174
3899.93 -0.73138
3949.84 -0.887446
3949.84 -0.78543
3999.93 -0.711944
4049.86 -0.779815
4049.86 -0.788082
4099.96 -0.757881
4149.88 -0.723926
4149.88 -0.846318
4199.98 -0.701556
4199.99 -0.699593
4249.91 -0.747133
4299.83 -0.713327
4299.82 -0.756228
4349.93 -0.769931
4399.84 -0.71165
4399.84 -0.702272
4449.95 -0.73478
4499.87 -0.702569
4499.87 -0.760553
4549.97 -0.794521
4549.98 -0.690837
4599.89 -0.684779
4649.8 -0.747557
4649.81 -0.720692
4699.91 -0.633174
4749.83 -0.669216
4749.83 -0.79257
4799.94 -0.699411
4849.85 -0.702599
4849.85 -0.722016
4899.96 -0.668105
4899.96 -0.687838
4949.87 -0.769793
4999.98 -0.682899
4999.99 -0.621415
5049.89 -0.708301
5099.81 -0.729063
5099.81 -0.666304
5149.92 -0.731827
5149.92 -0.66165
5199.84 -0.753683
5249.94 -0.754856
5249.94 -0.733244
5299.86 -0.662565
5349.97 -0.729662
5349.97 -0.647972
5399.88 -0.674331
5449.8 -0.718423
5449.8 -0.634225
5499.9 -0.712975
5499.9 -0.673909
5549.82 -0.675628
5599.93 -0.661929
5599.93 -0.656871
5649.84 -0.671027
5699.95 -0.708585
5699.94 -0.642231
5749.87 -0.605258
5799.96 -0.637678
5799.97 -0.645666
5849.88 -0.581876
5849.88 -0.614643
5899.81 -0.63186
5949.91 -0.656456
5949.9 -0.572164
5999.82 -0.592932
6049.93 -0.60422
6049.93 -0.630195
6099.85 -0.646773
6099.84 -0.599064
6149.96 -0.642677
6199.87 -0.613369
6199.87 -0.659743
6249.79 -0.66978
6299.89 -0.61397
6299.89 -0.665594
6349.81 -0.618933
6399.91 -0.696108
6399.92 -0.574607
6449.83 -0.663959
6449.83 -0.566031
6499.93 -0.541962
6549.85 -0.670029
6549.85 -0.540546
6599.77 -0.764903
6649.88 -0.544626
6649.88 -0.618625
6699.79 -0.637379
6699.79 -0.580904
6749.9 -0.562925
6799.81 -0.625051
6799.81 -0.573977
6849.93 -0.610557
6899.84 -0.555231
6899.84 -0.695545
6949.94 -0.608677
6999.87 -0.55671
6999.86 -0.613584
7049.77 -0.508128
7049.78 -0.490963
7099.88 -0.576916
7149.8 -0.63909
7149.79 -0.525142
7199.91 -0.626234
7249.82 -0.59202
7249.82 -0.566529
7299.93 -0.545564
7349.84 -0.507402
7349.84 -0.506777
7399.76 -0.599252
7399.77 -0.550424
7449.87 -0.547205
7499.77 -0.521325
7499.78 -0.500012
7549.88 -0.534272
7599.79 -0.498898
7599.81 -0.519145
7649.9 -0.554491
7699.83 -0.621249
7699.83 -0.518962
7749.75 -0.497955
7749.74 -0.434871
7799.84 -0.632503
7849.77 -0.570748
7849.77 -0.517621
7899.87 -0.527905
7949.78 -0.449969
7949.79 -0.493978
7999.89 -0.591251
7999.89 -0.523851
8049.8 -0.456044
8099.91 -0.551913
8099.91 -0.487277
8149.83 -0.553344
8199.74 -0.472748
8199.75 -0.548321
8249.86 -0.488178
8299.77 -0.529436
8299.76 -0.56547
8349.87 -0.455662
8349.88 -0.612962
8399.79 -0.492898
8449.89 -0.48629
8449.9 -0.469891
8499.81 -0.444616
8549.74 -0.473272
8549.74 -0.544828
8599.83 -0.459352
8600.32 -0.681208
8649.76 -0.430524
8699.85 -0.439547
8699.85 -0.413343
8749.78 -0.432802
8799.88 -0.571766
8799.88 -0.459819
8849.8 -0.52388
8899.9 -0.426328
8899.9 -0.535564
8949.82 -0.446486
8949.82 -0.452498
8999.73 -0.463455
9049.84 -0.541683
9049.84 -0.409853
9099.76 -0.430886
9149.86 -0.404459
9149.86 -0.388985
9199.78 -0.526506
9249.89 -0.496769
9249.89 -0.478372
9299.8 -0.422882
9299.8 -0.350208
9349.71 -0.405656
9399.83 -0.41992
9399.82 -0.362549
9449.74 -0.420136
9499.84 -0.406734
9499.85 -0.394554
9549.76 -0.420119
9599.88 -0.374072
9599.88 -0.493672
9649.78 -0.394505
9649.78 -0.468547
9699.7 -0.452636
9749.81 -0.464817
9749.8 -0.331835
9799.72 -0.342385
9849.83 -0.380374
9849.83 -0.348014
9899.75 -0.406457
9899.75 -0.421636
9949.85 -0.474306
9999.77 -0.435937
9999.77 -0.355869
