1000.71 69.238 0.45032
1010.43 69.2023 0.454693
1020.41 69.1269 0.459184
1030.31 69.0836 0.463639
1040.1 69.0045 0.468045
1050.07 68.9565 0.472531
1060.06 68.8567 0.477027
1070.17 68.7351 0.481577
1079.91 68.7005 0.48596
1089.98 68.5741 0.490491
1099.98 68.5013 0.494991
1109.89 68.3914 0.499451
1119.93 68.297 0.503969
1129.92 68.2165 0.508464
1139.83 68.1163 0.512923
1149.94 67.9682 0.517473
1169.85 67.7981 0.526432
1179.91 67.6756 0.53096
1189.97 67.582 0.535486
1199.88 67.4683 0.539946
1209.93 67.3477 0.544469
1220.01 67.2701 0.549005
1230.09 67.1338 0.55354
1239.92 67.0438 0.557964
1250.05 66.9032 0.562523
1260.07 66.8528 0.567031
1269.99 66.7155 0.571496
1280.09 66.5849 0.57604
1290.08 66.499 0.580536
1300 66.4343 0.585
1310.04 66.3198 0.589518
1320.13 66.1878 0.594059
1330 66.062 0.5985
1340.08 65.9677 0.603036
1350.1 65.8668 0.607545
1360.03 65.7501 0.612013
1370.06 65.6365 0.616527
1380.12 65.5366 0.621054
1390.11 65.4714 0.625549
1410.09 65.2101 0.63454
1420.1 65.1322 0.639045
1429.97 65.0515 0.643486
1440.05 64.9284 0.648022
1459.93 64.722 0.656969
1469.98 64.6123 0.661491
1480.02 64.4981 0.666009
1489.91 64.4207 0.670459
1500 64.3055 0.675
1510.04 64.1866 0.679518
1519.88 64.1155 0.683946
1529.98 63.9835 0.688491
1540.04 63.881 0.693018
1549.87 63.7889 0.697441
1559.95 63.6771 0.701978
1569.98 63.6214 0.706491
1580.08 63.4639 0.711036
1589.99 63.3305 0.715496
1599.97 63.2724 0.719986
1619.92 63.0298 0.728964
1629.94 62.955 0.733473
1640.02 62.8553 0.738009
1649.87 62.7494 0.742441
1670.04 62.4983 0.751518
1679.9 62.4409 0.755955
1689.96 62.3226 0.760482
1699.96 62.2156 0.764982
1709.92 62.0988 0.769464
1719.96 61.9958 0.773982
1729.98 61.925 0.778491
1740.09 61.764 0.783041
1749.95 61.7039 0.787478
1759.98 61.627 0.791991
1770.08 61.4774 0.796536
1789.97 61.3067 0.805486
1800.04 61.1811 0.810018
1809.91 61.1029 0.81446
1820 60.9651 0.819
1830.03 60.8818 0.823514
1839.9 60.7726 0.827955
1850.01 60.6647 0.832504
1860.05 60.5386 0.837023
1869.92 60.4608 0.841464
1879.98 60.3554 0.845991
1889.99 60.2768 0.850496
1909.98 60.0559 0.859491
1919.99 59.9476 0.863996
1930.02 59.8652 0.868509
1939.92 59.7943 0.872964
1960.04 59.5763 0.882018
1969.94 59.4645 0.886473
1980 59.3525 0.891
1990.04 59.2554 0.895518
2009.94 59.0704 0.904473
2020.04 58.9537 0.909018
2029.88 58.8632 0.913446
2039.95 58.7458 0.917978
2049.99 58.696 0.922495
2060.03 58.5854 0.927014
2069.93 58.4766 0.931468
2090.03 58.291 0.940514
2099.92 58.1862 0.944964
2109.95 58.0871 0.949477
2120.02 57.987 0.954009
2139.95 57.7838 0.962977
2150.01 57.7208 0.967505
2159.9 57.5988 0.971955
2169.96 57.5279 0.976482
2180.01 57.3741 0.981005
2189.87 57.3237 0.985441
2199.93 57.238 0.989968
2210.01 57.1145 0.994505
2220.08 57.0115 0.999036
2229.93 56.9136 1.00347
2240 56.8332 1.008
2250.06 56.7593 1.01253
2259.91 56.6357 1.01696
2269.98 56.5563 1.02149
2280 56.4736 1.026
2289.91 56.3946 1.03046
2299.95 56.3088 1.03498
2310.01 56.142 1.0395
2319.89 56.0934 1.04395
2340.01 55.9063 1.053
2349.85 55.8243 1.05743
2359.94 55.7371 1.06197
2370.02 55.5845 1.06651
2389.92 55.4257 1.07546
2399.99 55.3624 1.08
2410.03 55.2732 1.08451
2419.89 55.1616 1.08895
2429.96 55.0527 1.09348
2440.04 54.9918 1.09802
2449.89 54.8824 1.10245
2459.97 54.8075 1.10699
2470.01 54.7412 1.1115
2479.88 54.5966 1.11595
2489.94 54.5206 1.12047
2499.99 54.4463 1.125
2509.84 54.3495 1.12943
2519.9 54.2587 1.13396
2530.03 54.1682 1.13851
2540.01 54.1248 1.143
2549.91 53.986 1.14746
2559.96 53.9251 1.15198
2570 53.8432 1.1565
2579.89 53.7113 1.16095
2589.98 53.6411 1.16549
2600.05 53.5628 1.17002
2609.88 53.45 1.17445
2619.95 53.3942 1.17898
2629.99 53.3085 1.1835
2639.88 53.2353 1.18795
2649.95 53.1231 1.19248
2669.88 52.9642 1.20145
2679.96 52.845 1.20598
2689.99 52.7823 1.2105
2700.03 52.6729 1.21501
2709.92 52.5602 1.21946
2719.96 52.505 1.22398
2730.05 52.4321 1.22852
2739.91 52.3614 1.23296
2760.02 52.1761 1.24201
2769.87 52.1047 1.24644
2779.92 52.035 1.25096
2790 51.9454 1.2555
2809.93 51.7515 1.26447
2819.99 51.6859 1.269
2829.87 51.5769 1.27344
2839.9 51.5259 1.27795
2860.06 51.3492 1.28703
2869.86 51.2716 1.29144
2879.96 51.1753 1.29598
2890 51.1771 1.3005
2899.91 50.999 1.30496
2909.96 50.9484 1.30948
2920.02 50.8297 1.31401
2929.91 50.7906 1.31846
2939.96 50.6952 1.32298
2950.01 50.6095 1.3275
2959.86 50.5919 1.33194
2969.96 50.4258 1.33648
2979.99 50.4028 1.341
2989.84 50.3053 1.34543
2999.92 50.2515 1.34996
3020.03 50.0756 1.35901
3029.91 49.9745 1.36346
3039.96 49.8797 1.36798
3050 49.8096 1.3725
3059.89 49.7445 1.37695
3069.93 49.6803 1.38147
3079.97 49.6381 1.38599
3089.9 49.5171 1.39045
3099.92 49.4311 1.39496
3110.01 49.3662 1.3995
3119.87 49.2415 1.40394
3129.92 49.2122 1.40846
3139.98 49.136 1.41299
3149.86 49.0678 1.41744
3159.91 48.9626 1.42196
3179.84 48.8379 1.43093
3189.9 48.767 1.43545
3199.97 48.6339 1.43999
3210.02 48.5805 1.44451
3229.97 48.4067 1.45349
3240.01 48.3585 1.458
3249.87 48.2825 1.46244
3259.92 48.2676 1.46696
3269.99 48.1404 1.4715
3279.9 48.0857 1.47595
3289.93 47.9939 1.48047
3299.98 47.9188 1.48499
3309.84 47.8288 1.48943
3319.92 47.7838 1.49396
3329.97 47.713 1.49849
3349.89 47.5571 1.50745
3359.96 47.447 1.51198
3370.04 47.4346 1.51652
3379.92 47.3305 1.52096
3400.02 47.1869 1.53001
3409.87 47.1435 1.53444
3419.9 47.0536 1.53896
3429.98 47.0126 1.54349
3439.88 46.9757 1.54795
3449.96 46.8212 1.55248
3459.93 46.7875 1.55697
3469.82 46.7605 1.56142
3479.9 46.6816 1.56595
3489.99 46.5496 1.5705
3499.85 46.4621 1.57493
3509.91 46.4288 1.57946
3519.98 46.3236 1.58399
3530 46.2611 1.5885
3539.87 46.245 1.59294
3560 46.0879 1.602
3569.85 46.0666 1.60643
3579.93 45.9284 1.61097
3589.96 45.8853 1.61548
3599.84 45.8005 1.61993
3609.92 45.7457 1.62446
3619.98 45.6829 1.62899
3629.85 45.5874 1.63343
3639.91 45.5286 1.63796
3649.98 45.4519 1.64249
3659.84 45.4076 1.64693
3669.89 45.3986 1.65145
3679.95 45.319 1.65598
3690.01 45.2138 1.6605
3699.9 45.1007 1.66495
3709.93 45.0407 1.66947
3720.01 45.0149 1.674
3729.88 44.9197 1.67845
3739.93 44.8919 1.68297
3759.86 44.7711 1.69194
3769.95 44.6521 1.69648
3779.96 44.6005 1.70098
3789.86 44.5449 1.70544
3799.91 44.4602 1.70996
3809.96 44.3979 1.71448
3819.85 44.3632 1.71893
3829.89 44.3159 1.72345
3839.95 44.2546 1.72798
3850.04 44.1837 1.73252
3859.89 44.1099 1.73695
3880.01 43.9798 1.746
3889.88 43.8989 1.75045
3899.92 43.829 1.75496
3910 43.7768 1.7595
3919.83 43.7151 1.76392
3929.91 43.6574 1.76846
3939.97 43.6176 1.77299
3949.84 43.5677 1.77743
3959.91 43.4704 1.78196
3969.95 43.4506 1.78648
3979.84 43.3377 1.79093
3999.95 43.2421 1.79998
4010.01 43.225 1.8045
4019.88 43.077 1.80895
4029.94 43.0359 1.81347
4040 42.9656 1.818
4049.86 42.9627 1.82244
4059.93 42.8354 1.82697
4069.97 42.8349 1.83149
4079.84 42.7149 1.83593
4089.92 42.7225 1.84046
4099.96 42.6435 1.84498
4109.84 42.5357 1.84943
4119.89 42.5353 1.85395
4129.95 42.4253 1.85848
4139.84 42.3906 1.86293
4159.93 42.286 1.87197
4170.03 42.1617 1.87651
4179.88 42.1066 1.88095
4189.95 42.1211 1.88548
4199.99 42.1045 1.89
4209.87 41.9248 1.89444
4219.92 41.9859 1.89896
4229.99 41.8312 1.9035
4239.86 41.7593 1.90794
4249.92 41.7364 1.91246
4259.96 41.7119 1.91698
4269.84 41.6067 1.92143
4279.9 41.5523 1.92595
4289.96 41.5578 1.93048
4299.84 41.4761 1.93493
4309.88 41.4519 1.93945
4319.93 41.3949 1.94397
4329.99 41.325 1.9485
4339.86 41.2555 1.95294
4349.94 41.1973 1.95747
4359.98 41.113 1.96199
4369.86 41.0837 1.96644
4379.94 41.013 1.97097
4389.96 41.0216 1.97548
4399.84 40.8797 1.97993
4409.9 40.87 1.98445
4419.96 40.7727 1.98898
4439.92 40.6856 1.99796
4449.93 40.646 2.00247
4459.82 40.5994 2.00692
4469.87 40.5649 2.01144
4479.94 40.5124 2.01597
4490.01 40.429 2.0205
4499.86 40.38 2.02494
4509.93 40.3329 2.02947
4529.86 40.2092 2.03844
4539.92 40.1418 2.04296
4549.98 40.141 2.04749
4559.86 40.1007 2.05194
4569.89 40.0009 2.05645
4579.97 39.9954 2.06099
4589.85 39.8591 2.06543
4599.89 39.863 2.06995
4609.95 39.8501 2.07448
4619.82 39.7866 2.07892
4629.89 39.6505 2.08345
4649.83 39.6174 2.09242
4659.85 39.538 2.09693
4669.94 39.4966 2.10147
4679.99 39.4495 2.106
4699.92 39.3361 2.11496
4709.97 39.2543 2.11949
4719.85 39.1681 2.12393
4729.91 39.2105 2.12846
4739.96 39.1085 2.13298
4749.83 39.0995 2.13742
4759.92 39.0286 2.14196
4769.94 39.0035 2.14647
4779.82 38.9048 2.15092
4789.88 38.8617 2.15545
4799.93 38.7982 2.15997
4819.87 38.7284 2.16894
4829.92 38.6366 2.17346
4839.99 38.662 2.178
4849.87 38.5779 2.18244
4859.92 38.5402 2.18696
4869.99 38.4456 2.1915
4879.85 38.408 2.19593
4889.88 38.3983 2.20045
4899.95 38.3184 2.20498
4909.82 38.3267 2.20942
4919.87 38.2932 2.21394
4929.95 38.2081 2.21848
4939.84 38.1289 2.22293
4949.88 38.092 2.22745
4959.95 38.0243 2.23198
4969.8 38.0176 2.23641
4979.86 37.9189 2.24094
4989.93 37.8936 2.24547
4999.98 37.881 2.24999
5019.92 37.7706 2.25896
5029.95 37.6887 2.26348
5039.83 37.683 2.26792
5049.89 37.6067 2.27245
5059.96 37.579 2.27698
5069.83 37.5674 2.28142
5079.88 37.492 2.28595
5089.95 37.5033 2.29048
5099.82 37.3795 2.29492
5109.87 37.3704 2.29944
5119.92 37.3095 2.30396
5129.82 37.2911 2.30842
5139.86 37.2624 2.31294
5149.92 37.1354 2.31746
5159.98 37.0883 2.32199
5179.91 37.0905 2.33096
5189.96 36.9867 2.33548
5199.83 36.915 2.33992
5209.89 36.9257 2.34445
5219.96 36.9076 2.34898
5229.83 36.8567 2.35342
5239.89 36.7166 2.35795
5249.94 36.7255 2.36247
5259.82 36.6834 2.36692
5269.88 36.6471 2.37145
5279.92 36.5754 2.37596
5289.81 36.525 2.38041
5299.86 36.5359 2.38494
5309.92 36.5032 2.38946
5319.97 36.4033 2.39399
5339.9 36.3149 2.40295
5349.95 36.3212 2.40748
5359.84 36.2228 2.41193
5369.9 36.2211 2.41645
5389.82 36.1292 2.42542
5399.87 36.0525 2.42994
5409.93 36.0275 2.43447
5419.79 35.9871 2.43891
5429.87 35.9785 2.44344
5439.94 35.8934 2.44797
5449.79 35.9178 2.45241
5459.87 35.7882 2.45694
5469.93 35.7816 2.46147
5479.97 35.7147 2.46599
5489.84 35.72 2.47043
5509.95 35.5997 2.47948
5519.82 35.624 2.48392
5529.89 35.5197 2.48845
5539.95 35.5175 2.49298
5549.82 35.4775 2.49742
5559.88 35.3732 2.50195
5569.94 35.4184 2.50647
5579.8 35.335 2.51091
5599.93 35.3016 2.51997
5609.8 35.2901 2.52441
5619.86 35.2014 2.52894
5629.91 35.1902 2.53346
5639.97 35.0587 2.53799
5649.86 35.0182 2.54244
5659.91 35.0218 2.54696
5679.83 34.9781 2.55592
5689.9 34.8755 2.56045
5699.94 34.8959 2.56497
5709.83 34.8579 2.56942
5729.95 34.7088 2.57848
5739.81 34.6995 2.58291
5749.88 34.7078 2.58745
5759.92 34.6428 2.59196
5769.79 34.635 2.59641
5779.86 34.4977 2.60094
5789.92 34.5254 2.60546
5799.97 34.4191 2.60999
5809.85 34.4034 2.61443
5819.89 34.397 2.61895
5829.95 34.338 2.62348
5839.84 34.3556 2.62793
5849.88 34.2291 2.63245
5859.94 34.2955 2.63697
5869.82 34.206 2.64142
5889.93 34.192 2.65047
5899.8 34.1643 2.65491
5909.86 34.0272 2.65944
5919.92 34.058 2.66396
5929.79 33.9401 2.66841
5939.85 33.9057 2.67293
5949.92 33.901 2.67746
5959.98 33.9064 2.68199
5979.89 33.8351 2.69095
5989.94 33.8252 2.69547
5999.83 33.7149 2.69992
6009.88 33.747 2.70445
6029.82 33.6166 2.71342
6039.87 33.5886 2.71794
6049.92 33.5525 2.72246
6059.79 33.4706 2.72691
6069.85 33.4607 2.73143
6079.92 33.4376 2.73596
6089.78 33.4276 2.7404
6099.86 33.3352 2.74494
6109.9 33.3489 2.74946
6119.79 33.32 2.75391
6129.84 33.2708 2.75843
6139.89 33.2559 2.76295
6149.94 33.2482 2.76747
6159.82 33.167 2.77192
6169.88 33.0835 2.77645
6179.95 33.1206 2.78098
6189.81 32.9969 2.78541
6199.87 33.0551 2.78994
6209.92 32.9774 2.79446
6229.84 32.9311 2.80343
6239.91 32.8752 2.80796
6249.79 32.839 2.81241
6259.83 32.7694 2.81692
6269.91 32.7768 2.82146
6279.77 32.833 2.8259
6289.83 32.7462 2.83042
6299.9 32.6412 2.83495
6309.96 32.6846 2.83948
6319.82 32.5918 2.84392
6329.87 32.5084 2.84844
6339.94 32.5093 2.85297
6349.81 32.4628 2.85741
6359.87 32.5445 2.86194
6369.93 32.4219 2.86647
6379.81 32.4664 2.87091
6389.85 32.4325 2.87543
6399.91 32.343 2.87996
6409.79 32.37 2.88441
6429.91 32.2674 2.89346
6439.76 32.2718 2.89789
6449.83 32.1881 2.90242
6459.89 32.1935 2.90695
6469.96 32.1259 2.91148
6479.82 32.1063 2.91592
6489.88 31.9957 2.92045
6499.95 32.042 2.92498
6509.79 32.0408 2.92941
6519.86 31.9331 2.93394
6529.93 31.8971 2.93847
6539.8 31.8958 2.94291
6549.86 31.8349 2.94744
6559.92 31.8786 2.95196
6569.79 31.8555 2.95641
6579.85 31.7377 2.96093
6589.91 31.7821 2.96546
6599.76 31.7169 2.96989
6609.83 31.6909 2.97442
6629.94 31.6151 2.98347
6639.82 31.5851 2.98792
6649.87 31.5357 2.99244
6659.93 31.4534 2.99697
6669.79 31.5556 3.00141
6679.86 31.4924 3.00594
6689.93 31.4365 3.01047
6699.79 31.4129 3.01491
6709.84 31.4148 3.01943
6719.9 31.3424 3.02395
6729.79 31.3622 3.02841
6749.9 31.3035 3.03746
6759.76 31.1656 3.04189
6769.83 31.2264 3.04642
6779.89 31.1942 3.05095
6789.94 31.0911 3.05547
6799.82 31.0537 3.05992
6809.88 31.0101 3.06445
6819.94 30.9642 3.06897
6839.84 30.9979 3.07793
6849.92 30.8988 3.08246
6859.8 30.9177 3.08691
6869.85 30.8535 3.09143
6879.9 30.8354 3.09596
6889.79 30.8418 3.10041
6899.83 30.7815 3.10492
6909.89 30.7812 3.10945
6919.77 30.7976 3.1139
6929.83 30.7424 3.11842
6939.89 30.6917 3.12295
6959.8 30.6654 3.13191
6969.87 30.5491 3.13644
6979.94 30.5171 3.14097
6989.81 30.4491 3.14541
6999.86 30.5018 3.14994
7009.91 30.4784 3.15446
7019.8 30.3973 3.15891
7029.85 30.3864 3.16343
7039.92 30.3431 3.16796
7049.79 30.3312 3.17241
7059.84 30.3012 3.17693
7069.89 30.3046 3.18145
7079.76 30.2647 3.18589
7089.81 30.3069 3.19041
7099.88 30.2602 3.19495
7119.82 30.1843 3.20392
7129.86 30.1446 3.20844
7139.94 30.1425 3.21297
7149.8 30.0321 3.21741
7159.86 30.0414 3.22194
7169.92 30.0172 3.22646
7179.79 29.9655 3.23091
7189.84 29.9844 3.23543
7199.89 29.9854 3.23995
7209.76 29.8992 3.24439
7219.83 29.8778 3.24892
7239.76 29.7982 3.25789
7249.83 29.7812 3.26242
7259.87 29.7801 3.26694
7269.94 29.8225 3.27147
7289.87 29.7514 3.28044
7299.93 29.7018 3.28497
7309.79 29.7055 3.28941
7319.86 29.6244 3.29394
7339.78 29.6296 3.3029
7349.84 29.5889 3.30743
7359.9 29.5364 3.31196
7369.77 29.4709 3.3164
7379.83 29.5056 3.32092
7389.89 29.5158 3.32545
7399.77 29.3837 3.3299
7409.82 29.4007 3.33442
7419.87 29.4136 3.33894
7429.94 29.2897 3.34347
7439.8 29.2554 3.34791
7449.86 29.2712 3.35244
7459.92 29.3075 3.35696
7469.8 29.2818 3.36141
7479.84 29.2446 3.36593
7499.77 29.0942 3.3749
7509.86 29.0789 3.37944
7519.9 29.1105 3.38395
7529.77 29.0638 3.3884
7549.88 29.0205 3.39745
7559.75 29.062 3.40189
7569.82 29.0224 3.40642
7579.89 28.935 3.41095
7599.8 28.9714 3.41991
7609.86 28.8379 3.42444
7619.93 28.8634 3.42897
7629.81 28.8952 3.43341
7639.85 28.8491 3.43793
7649.91 28.7793 3.44246
7659.78 28.7771 3.4469
7669.83 28.7738 3.45142
7679.9 28.8265 3.45595
7689.75 28.6578 3.46039
7699.83 28.7166 3.46492
7709.87 28.6072 3.46944
7719.75 28.5378 3.47389
7729.81 28.6561 3.47841
7739.88 28.6179 3.48295
7759.8 28.5782 3.49191
7769.85 28.5695 3.49643
7779.92 28.4962 3.50096
7789.79 28.4649 3.50541
7799.86 28.4808 3.50994
7809.91 28.4608 3.51446
7819.77 28.3546 3.5189
7829.82 28.3073 3.52342
7849.77 28.2836 3.5324
7859.82 28.2857 3.53692
7869.88 28.2311 3.54145
7879.76 28.2476 3.54589
7889.81 28.1496 3.55041
7899.88 28.193 3.55495
7909.74 28.1287 3.55938
7919.78 28.0967 3.5639
7929.86 28.0696 3.56844
7939.93 28.1494 3.57297
7949.8 28.0806 3.57741
7959.85 28.0187 3.58193
7969.91 28.0238 3.58646
7979.76 27.995 3.59089
7989.81 28.0466 3.59541
7999.91 28.0175 3.59996
8009.77 27.853 3.6044
8019.81 27.9945 3.60891
8029.88 27.8789 3.61345
8049.81 27.9089 3.62241
8059.87 27.8308 3.62694
8069.74 27.7087 3.63138
8079.79 27.7467 3.63591
8099.92 27.7074 3.64496
8109.78 27.7592 3.6494
8119.85 27.7233 3.65393
8129.9 27.681 3.65846
8149.83 27.5918 3.66742
8159.89 27.6257 3.67195
8169.75 27.6214 3.67639
8179.81 27.4998 3.68091
8189.88 27.49 3.68545
8199.75 27.5026 3.68989
8209.82 27.4369 3.69442
8219.87 27.4432 3.69894
8229.74 27.4699 3.70338
8239.79 27.5009 3.70791
8249.86 27.424 3.71244
8269.78 27.3702 3.7214
8279.84 27.3234 3.72593
8289.89 27.2787 3.73045
8299.77 27.3875 3.7349
8319.9 27.2604 3.74396
8329.78 27.2258 3.7484
8339.8 27.2176 3.75291
8349.89 27.254 3.75745
8359.75 27.1477 3.76189
8369.8 27.0972 3.76641
8379.85 27.0825 3.77093
8389.74 27.1007 3.77538
8399.78 27.0657 3.7799
8409.85 27.0478 3.78443
8419.9 27.0762 3.78896
8429.78 27.064 3.7934
8439.84 27.0053 3.79793
8449.91 27.0405 3.80246
8459.78 26.9192 3.8069
8469.83 26.9754 3.81142
8479.89 26.9805 3.81595
8489.77 26.9529 3.8204
8499.81 26.9062 3.82491
8509.86 26.8084 3.82944
8519.75 26.8018 3.83389
8529.79 26.7866 3.83841
8539.85 26.8002 3.84293
8559.78 26.7965 3.8519
8569.86 26.757 3.85644
8579.9 26.6866 3.86096
8589.78 26.7484 3.8654
8599.84 26.6262 3.86993
8609.89 26.6482 3.87445
8619.77 26.6407 3.8789
8629.83 26.7015 3.88342
8639.88 26.6563 3.88795
8649.75 26.6612 3.89239
8659.81 26.4984 3.89691
8669.87 26.5419 3.90144
8679.75 26.5016 3.90589
8689.79 26.5544 3.91041
8699.83 26.5144 3.91492
8709.75 26.4977 3.91939
8719.78 26.4957 3.9239
8729.84 26.3905 3.92843
8739.9 26.3858 3.93296
8759.82 26.4296 3.94192
8769.89 26.2303 3.94645
8779.76 26.2332 3.95089
8789.83 26.2524 3.95542
8799.88 26.2687 3.95995
8809.76 26.2022 3.96439
8819.81 26.1998 3.96891
8829.87 26.2643 3.97344
8839.74 26.3017 3.97788
8849.8 26.1331 3.98241
8859.87 26.1585 3.98694
8879.76 26.1159 3.99589
8889.85 26.0763 4.00043
8899.93 26.1358 4.00497
8909.78 26.0732 4.0094
8929.89 26.0661 4.01845
8939.77 26.0463 4.0229
8949.82 26.0109 4.02742
8959.88 26.0434 4.03195
8969.76 25.9548 4.03639
8979.82 25.9084 4.04092
8989.86 26.0227 4.04544
8999.73 25.8905 4.04988
9009.8 25.9063 4.05441
9019.84 25.8966 4.05893
9029.72 25.8577 4.06337
9039.78 25.743 4.0679
9049.86 25.8531 4.07244
9059.89 25.7957 4.07695
9069.76 25.7104 4.08139
9089.88 25.7866 4.09045
9099.75 25.8213 4.09489
9109.82 25.6675 4.09942
9119.87 25.7422 4.10394
9139.81 25.6402 4.11291
9149.87 25.5945 4.11744
9159.73 25.5543 4.12188
9169.79 25.6464 4.12641
9179.86 25.5476 4.13094
9189.73 25.6484 4.13538
9199.77 25.5609 4.1399
9209.84 25.518 4.14443
9219.72 25.5356 4.14887
9229.76 25.5687 4.15339
9239.82 25.4974 4.15792
9259.76 25.4766 4.16689
9269.82 25.5035 4.17142
9279.88 25.4396 4.17595
9289.75 25.3649 4.18039
9309.86 25.3211 4.18944
9319.74 25.3267 4.19388
9329.79 25.3273 4.19841
9339.86 25.3207 4.20294
9349.71 25.3517 4.20737
9359.78 25.2246 4.2119
9369.83 25.1958 4.21642
9379.71 25.2412 4.22087
9389.76 25.1938 4.22539
9399.83 25.1525 4.22992
9409.88 25.2186 4.23445
9419.76 25.1521 4.23889
9429.82 25.1549 4.24342
9439.88 25.2233 4.24795
9449.73 25.2577 4.25238
9459.79 25.0769 4.25691
9469.85 25.1213 4.26143
9479.72 25.0874 4.26587
9489.79 25.0097 4.27041
9499.84 25.1265 4.27493
9509.73 25.1118 4.27938
9519.76 25.097 4.28389
9529.85 25.048 4.28843
9539.69 25.04 4.29286
9549.78 24.9773 4.2974
9559.81 24.9616 4.30191
9569.88 24.8878 4.30645
9589.8 24.8422 4.31541
9599.87 24.8993 4.31994
9609.74 24.8788 4.32438
9619.8 24.8202 4.32891
9629.87 24.794 4.33344
9639.72 24.7766 4.33787
9649.79 24.7972 4.34241
9659.85 24.8846 4.34693
9669.71 24.8248 4.35137
9679.77 24.8492 4.3559
9689.84 24.7193 4.36043
9699.71 24.6677 4.36487
9709.76 24.7701 4.36939
9719.84 24.7527 4.37393
9729.87 24.7912 4.37844
9739.77 24.6271 4.3829
9749.8 24.6237 4.38741
9759.87 24.6731 4.39194
9769.73 24.687 4.39638
9779.8 24.5947 4.40091
9789.86 24.6303 4.40544
9799.73 24.5989 4.40988
9809.79 24.6344 4.41441
9829.71 24.531 4.42337
9839.77 24.539 4.4279
9849.83 24.4648 4.43242
9859.71 24.5246 4.43687
9869.76 24.5136 4.44139
9879.82 24.4214 4.44592
9889.88 24.482 4.45045
9899.73 24.4247 4.45488
9909.8 24.4198 4.45941
9919.86 24.4534 4.46394
9929.73 24.3199 4.46838
9939.8 24.2576 4.47291
9949.85 24.2947 4.47743
9959.73 24.355 4.48188
9969.78 24.3591 4.4864
9989.73 24.1956 4.49538
9999.78 24.2118 4.4999
