1000.03 72.1674
1049.95 71.7177
1100.06 71.1431
1100.05 71.0223
1149.97 70.464
1199.92 69.8481
1199.87 69.9698
1250.01 69.3673
1250 69.4006
1299.9 68.8059
1350.02 68.3279
1350.01 68.4002
1399.93 67.7677
1450.05 67.2822
1450.02 67.3072
1499.94 66.7612
1499.94 66.8204
1549.9 66.1874
1599.98 65.6635
1599.99 65.5163
1649.89 65.0248
1699.98 64.5792
1699.98 64.6426
1749.92 64.0797
1800 63.4307
1800.03 63.5566
1849.93 63.072
1849.91 63.0728
1900.05 62.3766
1949.95 62.0522
1949.95 61.9013
1999.86 61.4314
2049.99 61.009
2049.99 60.9984
2099.89 60.4504
2110.76 52.377
2150 60.0454
2199.91 59.5249
2199.92 59.5783
2250.03 59.1135
2299.95 58.5818
2299.96 58.5831
2349.86 58.1239
2399.98 57.6746
2399.97 57.645
2449.87 57.2209
2475.06 40.8651
2499.99 56.7327
2549.91 56.2345
2549.91 56.3317
2600.01 55.8604
2649.93 55.4025
2649.94 55.4299
2700.04 54.877
2749.95 54.4917
2749.95 54.594
2799.88 54.0151
2799.87 54.156
2849.97 53.6263
2899.88 53.3664
2899.88 53.2336
2949.99 52.9557
2999.91 52.5539
2999.91 52.5526
3050.02 52.1643
3099.93 51.7553
3099.93 51.6717
3149.84 51.2292
3149.84 51.3258
3199.94 50.9938
3249.86 50.4992
3249.87 50.5869
3299.98 50.2136
3349.89 49.8789
3349.91 49.8338
3399.99 49.5063
3399.99 49.4994
3449.91 49.1046
3499.83 48.823
3499.83 48.8079
3549.95 48.4351
3599.86 48.1373
3599.85 48.1174
3649.97 47.7851
3699.88 47.3749
3699.88 47.3676
3749.98 47.1053
3749.98 47.1219
3799.9 46.7954
3850 46.5071
3850.01 46.3959
3899.92 46.0744
3949.84 45.7329
3949.84 45.8149
3999.94 45.5041
4049.86 45.2481
4049.86 45.2813
4099.96 44.8715
4149.89 44.5369
4149.89 44.6212
4199.99 44.3071
4199.98 44.3041
4249.89 44.0315
4299.82 43.7412
4299.83 43.7492
4349.92 43.494
4399.85 43.2368
4399.85 43.1911
4449.96 42.968
4499.86 39.2978
4499.86 42.7126
4549.96 42.4458
4549.96 42.4547
4599.9 42.1929
4649.8 41.8644
4649.79 41.9875
4699.91 41.7074
4749.83 41.3919
4749.83 41.4129
4799.93 41.1259
4799.94 41.1633
4849.85 40.879
4899.96 40.657
4899.96 40.6389
4949.87 40.4745
4999.98 40.2241
4999.98 40.1442
5049.9 40.0206
5099.81 39.8013
5099.81 39.7655
5149.92 39.5613
5149.91 39.5616
5199.83 39.3307
5249.95 39.0612
5249.94 39.1489
5299.87 38.8905
5349.96 38.7265
5349.96 38.7221
5399.89 38.4386
5449.8 38.2406
5449.81 38.2768
5499.9 38.0507
5499.9 38.0012
5549.82 37.904
5599.92 37.7019
5599.92 37.6392
5649.84 37.4948
5699.94 37.3393
5699.95 37.2483
5749.86 37.1361
5799.97 36.9434
5799.97 36.982
5849.89 36.684
5849.88 36.7059
5899.8 36.5577
5949.91 36.3048
5949.91 36.4148
5999.84 36.1686
6049.93 36.0002
6049.93 35.9051
6099.85 35.7841
6149.95 35.6983
6149.94 35.7142
6199.88 35.4888
6199.87 35.4543
6249.8 35.271
6299.89 35.2064
6299.9 35.1201
6349.8 34.9284
6399.91 34.9287
6399.91 34.9399
6449.83 34.6756
6449.83 34.6675
6499.94 34.5125
6549.85 34.3546
6549.85 34.3534
6599.76 34.3086
6649.88 34.0026
6649.88 34.1255
6699.79 33.9901
6749.89 33.8074
6749.9 33.7254
6799.81 33.6982
6799.82 33.6019
6849.92 33.468
6899.84 33.417
6899.83 33.4108
6949.94 33.1635
6999.86 33.0026
6999.86 33.0017
7049.77 32.909
7099.87 32.8723
7099.88 32.8449
7149.79 32.7395
7149.8 32.7184
7199.89 32.5973
7249.81 32.3894
7249.82 32.5156
7299.93 32.3187
7349.84 32.2642
7349.85 32.1211
7399.75 32.0552
7449.86 31.9201
7449.87 31.919
7499.78 31.895
7499.78 31.8731
7549.88 31.6114
7599.8 31.6301
7599.8 31.4713
7649.91 31.3782
7699.83 31.3341
7699.83 31.354
7749.73 31.2984
7799.82 22.0902
7799.85 31.191
7849.76 30.9484
7849.78 30.9736
7899.87 30.8762
7949.79 30.8497
7949.79 30.844
7999.88 30.6984
8049.81 30.6115
8049.81 30.5745
8099.91 30.3997
8099.91 30.484
8149.84 30.3897
8199.76 30.285
8199.76 30.3075
8249.85 30.241
8299.77 30.0862
8299.77 30.0688
8349.87 29.9457
8349.87 29.9775
8399.8 29.9219
8449.91 29.7765
8449.9 29.7937
8499.81 29.7837
8549.73 29.6287
8549.72 29.6427
8599.83 29.6169
8649.75 29.5466
8649.75 29.4653
8699.86 29.4028
8699.87 29.377
8749.78 29.365
8799.88 29.2192
8799.88 29.2798
8849.8 29.216
8899.9 29.0245
8899.91 29.017
8949.82 28.9846
8999.74 28.758
8999.74 28.8808
9049.84 28.7955
9049.83 28.7743
9099.75 28.6969
9149.86 28.7263
9149.87 28.6171
9199.78 28.5687
9249.89 28.5026
9249.88 28.4407
9299.8 28.3483
9349.71 28.3765
9349.73 28.2555
9399.82 28.2115
9399.83 28.1948
9449.74 28.198
9499.85 28.066
9499.84 28.066
9549.76 28.0565
9599.86 28.0403
9599.88 28.0298
9649.79 27.8557
9650.31 27.5089
9699.7 27.8998
9749.81 27.6916
9749.81 27.8836
9799.72 27.5844
9849.83 27.6257
9849.83 27.6554
9899.75 27.5081
9949.86 27.5294
9949.85 27.4861
9999.76 27.5378
9999.76 27.3648
