1049.95 -14.6074 0.944955
1100.05 -15.2962 0.990045
1149.97 -15.8747 1.03497
1199.89 -16.366 1.0799
1250 -17.0376 1.125
1299.91 -17.6062 1.16992
1350.02 -18.2006 1.21502
1450.04 -19.3091 1.30504
1499.96 -19.8807 1.34996
1549.87 -20.4815 1.39488
1599.98 -21.126 1.43998
1649.89 -21.5698 1.4849
1700 -22.0927 1.53
1749.92 -22.7613 1.57493
1800.02 -23.1782 1.62002
1849.94 -23.6851 1.66495
1900.04 -24.2586 1.71004
1949.96 -24.7475 1.75496
2049.98 -25.8667 1.84498
2099.9 -26.2801 1.88991
2150.01 -26.8248 1.93501
2199.92 -27.3325 1.97993
2250.02 -27.7963 2.02502
2299.95 -28.2316 2.06995
2349.87 -28.7301 2.11488
2399.96 -29.1935 2.15996
2449.89 -29.6282 2.2049
2499.99 -30.1009 2.24999
2549.91 -30.609 2.29492
2649.93 -31.46 2.38494
2700.03 -31.8714 2.43003
2749.95 -32.459 2.47495
2799.87 -32.7072 2.51988
2849.97 -33.0783 2.56497
2899.88 -33.5729 2.60989
2949.99 -34.0921 2.65499
2999.91 -34.3235 2.69992
3050.02 -34.7544 2.74502
3099.94 -35.1691 2.78995
3149.85 -35.495 2.83487
3249.87 -36.2303 2.92488
3299.98 -36.6827 2.96998
3349.9 -36.9666 3.01491
3400 -37.3506 3.06
3449.92 -37.6839 3.10493
3499.83 -37.9843 3.14985
3549.94 -38.3364 3.19495
3599.86 -38.7302 3.23987
3649.96 -39.0496 3.28496
3699.88 -39.3368 3.32989
3749.99 -39.7241 3.37499
3799.9 -39.9852 3.41991
3850.01 -40.2744 3.46501
3899.93 -40.6828 3.50994
3949.84 -40.8844 3.55486
4049.86 -41.517 3.64487
4099.97 -41.8384 3.68997
4149.89 -42.045 3.7349
4199.99 -42.3147 3.77999
4249.91 -42.5791 3.82492
4299.83 -42.8654 3.86985
4349.93 -43.1554 3.91494
4399.85 -43.4004 3.95987
4449.95 -43.7861 4.00495
4499.87 -44.0433 4.04988
4549.98 -44.1861 4.09498
4649.81 -44.6512 4.18483
4699.91 -44.9551 4.22992
4749.83 -45.1167 4.27485
4799.93 -45.3742 4.31994
4849.85 -45.5683 4.36487
4899.96 -45.8716 4.40996
4949.88 -45.9834 4.45489
4999.98 -46.2932 4.49998
5049.9 -46.5241 4.54491
5099.81 -46.7257 4.58983
5149.92 -46.9136 4.63493
5249.94 -47.3802 4.72495
5299.85 -47.5225 4.76987
5349.96 -47.7183 4.81496
5399.88 -47.9031 4.85989
5449.8 -48.0383 4.90482
5499.9 -48.2837 4.94991
5549.82 -48.4671 4.99484
5599.92 -48.6652 5.03993
5649.85 -48.7971 5.08487
5699.94 -49.0343 5.12995
5749.87 -49.1634 5.17488
5849.89 -49.4948 5.2649
5899.8 -49.6892 5.30982
5949.91 -49.8236 5.35492
5999.83 -49.9603 5.39985
6049.93 -50.0337 5.44494
6099.85 -50.2873 5.48986
6149.95 -50.437 5.53496
6199.86 -50.6628 5.57987
6249.79 -50.7505 5.62481
6299.89 -50.8284 5.6699
6349.81 -51.0589 5.71483
6399.91 -51.2453 5.75992
6449.83 -51.3337 5.80485
6499.94 -51.4767 5.84995
6549.85 -51.5727 5.89487
6649.88 -51.9066 5.98489
6699.8 -51.9667 6.02982
6749.89 -52.0732 6.0749
6799.8 -52.2145 6.11982
6849.92 -52.3228 6.16493
6899.83 -52.473 6.20985
6949.94 -52.5807 6.25495
6999.86 -52.6991 6.29987
7049.78 -52.7917 6.3448
7099.88 -53.0056 6.38989
7149.8 -52.9563 6.43482
7249.82 -53.2462 6.52484
7299.92 -53.3619 6.56993
7349.84 -53.4275 6.61486
7399.76 -53.5753 6.65978
7449.86 -53.5779 6.70487
7499.78 -53.7962 6.7498
7549.88 -53.7349 6.79489
7599.8 -53.9328 6.83982
7649.91 -53.9996 6.88492
7699.83 -54.1669 6.92985
7749.75 -54.2324 6.97478
7849.77 -54.3881 7.06479
7899.87 -54.4814 7.10988
7949.79 -54.6346 7.15481
7999.89 -54.7725 7.1999
8049.8 -54.7821 7.24482
8099.91 -54.7704 7.28992
8149.83 -54.9038 7.33485
8249.85 -54.9658 7.42486
8299.77 -55.0563 7.46979
8349.87 -55.1687 7.51488
8399.79 -55.3217 7.55981
8499.81 -55.3697 7.64983
8549.73 -55.4656 7.69476
8599.84 -55.5264 7.73986
8649.75 -55.6361 7.78477
8699.86 -55.6179 7.82987
8749.77 -55.7793 7.87479
8799.88 -55.8684 7.91989
8849.8 -55.8413 7.96482
8899.9 -55.9007 8.00991
8949.82 -55.985 8.05484
8999.73 -56.0529 8.09976
9049.84 -55.9747 8.14486
9099.75 -56.2093 8.18977
9149.86 -56.2268 8.23487
9199.78 -56.1643 8.2798
9249.88 -56.3573 8.32489
9299.81 -56.3778 8.36983
9349.72 -56.325 8.41475
9399.82 -56.4915 8.45984
9449.74 -56.5565 8.50477
9499.85 -56.5544 8.54987
9549.76 -56.7302 8.59478
9649.78 -56.7455 8.6848
9699.71 -56.8103 8.72974
9749.81 -56.759 8.77483
9799.73 -56.8669 8.81976
9849.84 -56.9588 8.86486
9899.75 -56.8993 8.90977
9949.85 -57.044 8.95486
9999.77 -56.9842 8.99979
9999.77 -56.9842 8.99979
