1049.95 -14.6074
1100.05 -15.2962
1149.97 -15.8747
1199.89 -16.366
1250 -17.0376
1299.91 -17.6062
1350.02 -18.2006
1450.04 -19.3091
1499.96 -19.8807
1549.87 -20.4815
1599.98 -21.126
1649.89 -21.5698
1700 -22.0927
1749.92 -22.7613
1800.02 -23.1782
1849.94 -23.6851
1900.04 -24.2586
1949.96 -24.7475
2049.98 -25.8667
2099.9 -26.2801
2150.01 -26.8248
2199.92 -27.3325
2250.02 -27.7963
2299.95 -28.2316
2349.87 -28.7301
2399.96 -29.1935
2449.89 -29.6282
2499.99 -30.1009
2549.91 -30.609
2649.93 -31.46
2700.03 -31.8714
2749.95 -32.459
2799.87 -32.7072
2849.97 -33.0783
2899.88 -33.5729
2949.99 -34.0921
2999.91 -34.3235
3050.02 -34.7544
3099.94 -35.1691
3149.85 -35.495
3249.87 -36.2303
3299.98 -36.6827
3349.9 -36.9666
3400 -37.3506
3449.92 -37.6839
3499.83 -37.9843
3549.94 -38.3364
3599.86 -38.7302
3649.96 -39.0496
3699.88 -39.3368
3749.99 -39.7241
3799.9 -39.9852
3850.01 -40.2744
3899.93 -40.6828
3949.84 -40.8844
4049.86 -41.517
4099.97 -41.8384
4149.89 -42.045
4199.99 -42.3147
4249.91 -42.5791
4299.83 -42.8654
4349.93 -43.1554
4399.85 -43.4004
4449.95 -43.7861
4499.87 -44.0433
4549.98 -44.1861
4649.81 -44.6512
4699.91 -44.9551
4749.83 -45.1167
4799.93 -45.3742
4849.85 -45.5683
4899.96 -45.8716
4949.88 -45.9834
4999.98 -46.2932
5049.9 -46.5241
5099.81 -46.7257
5149.92 -46.9136
5249.94 -47.3802
5299.85 -47.5225
5349.96 -47.7183
5399.88 -47.9031
5449.8 -48.0383
5499.9 -48.2837
5549.82 -48.4671
5599.92 -48.6652
5649.85 -48.7971
5699.94 -49.0343
5749.87 -49.1634
5849.89 -49.4948
5899.8 -49.6892
5949.91 -49.8236
5999.83 -49.9603
6049.93 -50.0337
6099.85 -50.2873
6149.95 -50.437
6199.86 -50.6628
6249.79 -50.7505
6299.89 -50.8284
6349.81 -51.0589
6399.91 -51.2453
6449.83 -51.3337
6499.94 -51.4767
6549.85 -51.5727
6649.88 -51.9066
6699.8 -51.9667
6749.89 -52.0732
6799.8 -52.2145
6849.92 -52.3228
6899.83 -52.473
6949.94 -52.5807
6999.86 -52.6991
7049.78 -52.7917
7099.88 -53.0056
7149.8 -52.9563
7249.82 -53.2462
7299.92 -53.3619
7349.84 -53.4275
7399.76 -53.5753
7449.86 -53.5779
7499.78 -53.7962
7549.88 -53.7349
7599.8 -53.9328
7649.91 -53.9996
7699.83 -54.1669
7749.75 -54.2324
7849.77 -54.3881
7899.87 -54.4814
7949.79 -54.6346
7999.89 -54.7725
8049.8 -54.7821
8099.91 -54.7704
8149.83 -54.9038
8249.85 -54.9658
8299.77 -55.0563
8349.87 -55.1687
8399.79 -55.3217
8499.81 -55.3697
8549.73 -55.4656
8599.84 -55.5264
8649.75 -55.6361
8699.86 -55.6179
8749.77 -55.7793
8799.88 -55.8684
8849.8 -55.8413
8899.9 -55.9007
8949.82 -55.985
8999.73 -56.0529
9049.84 -55.9747
9099.75 -56.2093
9149.86 -56.2268
9199.78 -56.1643
9249.88 -56.3573
9299.81 -56.3778
9349.72 -56.325
9399.82 -56.4915
9449.74 -56.5565
9499.85 -56.5544
9549.76 -56.7302
9649.78 -56.7455
9699.71 -56.8103
9749.81 -56.759
9799.73 -56.8669
9849.84 -56.9588
9899.75 -56.8993
9949.85 -57.044
9999.77 -56.9842
