1000.03 -14.0327
1049.95 -14.7054
1049.95 -14.6401
1100.06 -15.1374
1149.97 -15.7708
1149.97 -15.8566
1199.89 -16.3781
1249.99 -17.1021
1249.99 -17.1267
1299.91 -17.7077
1350.02 -18.2968
1350.02 -18.2641
1399.93 -18.6864
1399.93 -18.8659
1450.04 -19.3791
1499.96 -20.01
1499.96 -19.9116
1549.87 -20.512
1599.98 -21.0004
1599.97 -20.9769
1649.89 -21.6905
1700 -22.1695
1700 -22.1044
1749.92 -22.6333
1749.92 -22.7728
1800.02 -23.3157
1849.94 -23.7016
1849.94 -23.7604
1900.04 -24.3065
1949.96 -24.9055
1949.96 -24.7584
1999.88 -25.31
2049.98 -25.8126
2049.99 -25.8092
2099.9 -26.2999
2099.9 -26.2628
2150.01 -26.7475
2199.92 -27.2877
2199.92 -27.3063
2250.03 -27.7303
2299.94 -28.2815
2299.94 -28.1663
2349.86 -28.7051
2399.97 -29.136
2399.97 -29.1844
2449.89 -29.7774
2449.89 -29.6806
2499.99 -30.0828
2549.91 -30.5283
2549.91 -30.5818
2600.01 -30.9875
2649.93 -31.4609
2649.93 -31.3829
2700.04 -31.8443
2715.35 -43.3852
2749.95 -32.3039
2799.86 -32.7317
2799.87 -32.695
2849.98 -33.1917
2899.89 -33.5407
2899.89 -33.5835
2950 -34.0824
2949.99 -33.9112
2999.91 -34.2941
3050.01 -34.749
3050.02 -34.7111
3099.94 -35.1736
3149.85 -35.4701
3149.85 -35.4651
3199.95 -35.8635
3249.88 -36.2344
3249.88 -36.3092
3299.98 -36.6512
3299.98 -36.5972
3349.9 -36.9283
3400 -37.328
3400 -37.3513
3449.92 -37.752
3499.83 -37.9901
3499.83 -38.0366
3549.94 -38.421
3599.85 -38.7087
3599.86 -38.6462
3649.96 -39.0575
3649.96 -38.9912
3699.88 -39.3454
3749.98 -39.6461
3749.98 -39.6816
3799.9 -39.9804
3850.01 -40.3221
3850.01 -40.2344
3899.92 -40.6068
3949.84 -40.9011
3949.84 -40.9331
3999.94 -41.1436
3999.94 -41.3019
4049.86 -41.4831
4099.97 -41.7366
4099.97 -41.7382
4149.88 -42.0385
4199.99 -42.3511
4199.99 -42.4108
4249.91 -42.606
4299.82 -42.8748
4299.82 -42.8571
4349.93 -43.143
4349.93 -43.1721
4399.85 -43.3743
4449.95 -43.6533
4449.95 -43.7096
4499.86 -43.8912
4549.97 -44.1477
4549.97 -44.1312
4599.89 -44.4555
4649.81 -44.6846
4649.81 -44.6238
4699.91 -44.916
4699.91 -44.8849
4749.83 -45.1561
4799.94 -45.3663
4799.93 -45.3731
4849.85 -45.5925
4899.95 -45.9023
4899.96 -45.9075
4949.88 -46.0428
4999.98 -46.2657
4999.98 -46.2571
5049.89 -46.5155
5049.9 -46.428
5099.82 -46.6887
5149.92 -46.8401
5149.92 -46.8979
5199.83 -47.1527
5249.94 -47.2419
5249.94 -47.3204
5299.86 -47.6041
5349.86 -57.4922
5349.96 -47.7632
5399.88 -47.9369
5399.88 -47.8838
5449.8 -48.038
5499.9 -48.2371
5499.9 -48.2746
5549.82 -48.5294
5599.93 -48.6368
5599.93 -48.6121
5649.85 -48.8139
5649.84 -48.8552
5699.95 -49.1339
5749.86 -49.1653
5749.86 -49.1847
5799.96 -49.3294
5849.89 -49.559
5849.88 -49.487
5899.81 -49.7151
5949.91 -49.8509
5949.9 -49.7595
5999.82 -49.9821
5999.83 -50.0226
6049.93 -50.172
6099.85 -50.254
6099.85 -50.2466
6149.95 -50.547
6199.86 -50.6114
6199.87 -50.579
6249.79 -50.7824
6299.89 -50.8013
6299.89 -50.8693
6349.81 -51.0581
6349.81 -51.0403
6399.91 -51.1711
6449.83 -51.3665
6449.83 -51.3294
6499.93 -51.46
6549.85 -51.5461
6549.85 -51.5219
6599.78 -51.6939
6649.87 -51.8704
6649.87 -51.8448
6699.79 -52.0187
6699.8 -51.9935
6749.89 -52.1447
6799.81 -52.142
6799.82 -52.2118
6849.92 -52.4357
6899.84 -52.4393
6899.84 -52.4717
6949.94 -52.5665
6999.86 -52.671
6999.85 -52.7132
7049.78 -52.8794
7049.77 -52.7428
7099.88 -52.9601
7149.8 -53.0489
7149.8 -53.0456
7199.9 -53.1235
7249.82 -53.2114
7249.82 -53.2114
7299.92 -53.3324
7349.84 -53.4146
7349.84 -53.4796
7399.76 -53.5609
7399.75 -53.5929
7449.86 -53.6282
7499.78 -53.7522
7499.78 -53.7185
7549.89 -53.8325
7599.8 -53.9912
7599.8 -53.9805
7649.91 -54.1365
7649.91 -54.1301
7699.82 -54.1094
7749.74 -54.3566
7749.75 -54.1653
7799.85 -54.3081
7849.77 -54.4479
7849.76 -54.3796
7899.87 -54.4881
7949.79 -54.6955
7949.79 -54.623
7999.89 -54.7415
7999.89 -54.6041
8049.81 -54.7378
8099.91 -54.8699
8099.92 -54.8121
8149.83 -54.8756
8199.74 -54.9933
8199.75 -55.0285
8249.85 -55.1069
8299.77 -55.0595
8299.77 -55.1637
8349.87 -55.1465
8349.88 -55.2317
8399.79 -55.3167
8449.89 -55.4174
8449.9 -55.361
8499.81 -55.4512
8549.73 -55.488
8549.73 -55.4535
8599.84 -55.5576
8649.75 -55.6251
8649.76 -55.5446
8699.86 -55.6753
8699.86 -55.6916
8749.78 -55.7911
8799.88 -55.7348
8799.88 -55.8176
8849.8 -55.9287
8899.9 -55.9093
8899.9 -55.8979
8949.82 -56.0332
8999.74 -55.9946
8999.74 -55.9446
9049.84 -56.1637
9049.85 -56.0259
9099.76 -56.2159
9149.86 -56.2635
9149.85 -56.1607
9199.79 -56.2322
9249.89 -56.2983
9249.88 -56.2306
9299.81 -56.4631
9299.81 -56.4847
9349.72 -56.4195
9399.83 -56.5062
9399.84 -56.5777
9449.74 -56.4775
9499.85 -56.573
9499.84 -56.553
9549.76 -56.638
9599.87 -56.7008
9599.87 -56.7447
9649.78 -56.7346
9649.79 -56.7629
9699.71 -56.7211
9749.81 -56.7946
9749.81 -56.7674
9799.73 -56.8126
9849.83 -56.8962
9849.83 -56.9342
9899.76 -56.9908
9949.85 -56.97
9949.84 -57.0924
9999.78 -57.0255
9999.77 -56.9877
