				
1000.71				55.1126
1010.43				54.8481
1020.41				54.6308
1030.31				54.4733
1040.1				54.2700
1050.07				54.0939
1060.06				53.8614
1070.17				53.6074
1079.91				53.4503
1089.98				53.1774
1099.98				52.9833
1109.89				52.7372
1119.93				52.5139
1129.92				52.2015
1139.83				51.9578
1149.94				51.6729
1169.85				51.3675
1179.91				50.9906
1189.97				50.7796
1199.88				50.5308
1209.93				50.2670
1220.01				50.0873
1230.09				49.8072
1239.92				49.6132
1250.05				49.3288
1260.07				49.1483
1269.99				48.8918
1280.09				48.6214
1290.08				48.2801
1300				48.1157
1310.04				47.8830
1320.13				47.6257
1330				47.2329
1340.08				47.0311
1350.1				46.7921
1360.03				46.5516
1370.06				46.3364
1380.12				46.1042
1390.11				45.9143
1410.09				45.5177
1420.1				45.3417
1429.97				45.1440
1440.05				44.9020
1459.93				44.5512
1469.98				44.3197
1480.02				44.0837
1489.91				43.9218
1500				43.5795
1510.04				43.3039
1519.88				43.0874
1529.98				42.8649
1540.04				42.509
1549.87				42.3061
1559.95				42.0903
1569.98				41.9045
1580.08				41.6562
1589.99				41.4050
1599.97				41.2010
1619.92				40.8508
1629.94				40.6419
1640.02				40.4264
1649.87				40.2001
1670.04				39.7164
1679.9				39.5423
1689.96				39.3432
1699.96				39.0929
1709.92				38.7201
1719.96				38.5046
1729.98				38.3418
1740.09				38.0749
1749.95				37.7772
1759.98				37.5748
1770.08				37.3358
1789.97				37.0536
1800.04				36.8295
1809.91				36.6327
1820				36.4002
1830.03				36.1956
1839.9				35.9328
1850.01				35.7601
1860.05				35.4969
1869.92				35.2955
1879.98				35.0843
1889.99				34.9316
1909.98				34.5672
1919.99				34.2479
1930.02				34.0210
1939.92				33.8598
1960.04				33.5106
1969.94				33.3287
1980				33.1078
1990.04				32.8904
2009.94				32.5960
2020.04				32.4102
2029.88				32.2003
2039.95				31.9404
2049.99				31.8079
2060.03				31.6079
2069.93				31.3431
2090.03				31.0685
2099.92				30.8510
2109.95				30.6374
2120.02				30.4689
2139.95				30.1510
2150.01				29.8654
2159.9				29.6564
2169.96				29.4644
2180.01				29.1716
2189.87				29.0589
2199.93				28.8786
2210.01				28.6400
2220.08				28.4434
2229.93				28.2354
2240				28.0766
2250.06				27.8907
2259.91				27.6522
2269.98				27.3845
2280				27.2093
2289.91				27.0392
2299.95				26.8275
2310.01				26.5366
2319.89				26.4121
2340.01				26.1105
2349.85				25.9362
2359.94				25.7736
2370.02				25.4886
2389.92				25.2543
2399.99				24.9772
2410.03				24.7745
2419.89				24.6008
2429.96				24.4079
2440.04				24.1025
2449.89				23.8861
2459.97				23.7664
2470.01				23.5751
2479.88				23.3661
2489.94				23.1654
2499.99				23.0001
2509.84				22.8041
2519.9				22.6075
2530.03				22.4080
2540.01				22.3070
2549.91				22.0606
2559.96				21.9543
2570				21.7451
2579.89				21.5111
2589.98				21.3182
2600.05				21.1893
2609.88				20.9698
2619.95				20.8278
2629.99				20.5467
2639.88				20.4242
2649.95				20.1545
2669.88				19.9494
2679.96				19.6988
2689.99				19.6076
2700.03				19.3653
2709.92				19.2148
2719.96				18.9896
2730.05				18.8466
2739.91				18.7014
2760.02				18.4392
2769.87				18.2437
2779.92				18.1164
2790				17.9026
2809.93				17.6242
2819.99				17.4979
2829.87				17.2818
2839.9				17.1463
2860.06				16.8005
2869.86				16.6452
2879.96				16.4675
2890				16.3489
2899.91				16.1032
2909.96				15.9247
2920.02				15.6981
2929.91				15.6063
2939.96				15.4457
2950.01				15.2633
2959.86				15.1720
2969.96				14.9264
2979.99				14.8376
2989.84				14.6182
2999.92				14.5021
3020.03				14.2499
3029.91				14.0569
3039.96				13.8299
3050				13.7378
3059.89				13.4859
3069.93				13.3389
3079.97				13.1993
3089.9				13.0465
3099.92				12.7857
3110.01				12.6332
3119.87				12.3686
3129.92				12.3063
3139.98				12.179
3149.86				12.0295
3159.91				11.8183
3179.84				11.5738
3189.9				11.4412
3199.97				11.2139
3210.02				11.1167
3229.97				10.8936
3240.01				10.7087
3249.87				10.6026
3259.92				10.4446
3269.99				10.2248
3279.9				10.0460
3289.93				9.8885
3299.98				9.7339
3309.84				9.5554
3319.92				9.3802
3329.97				9.2537
3349.89				8.9915
3359.96				8.7351
3370.04				8.6177
3379.92				8.4161
3400.02				8.2515
3409.87				8.1638
3419.9				7.9637
3429.98				7.8522
3439.88				7.7029
3449.96				7.4736
3459.93				7.3598
3469.82				7.3139
3479.9				7.1488
3489.99				6.9039
3499.85				6.7071
3509.91				6.6081
3519.98				6.4117
3530				6.2659
3539.87				6.2087
3560				5.9511
3569.85				5.8979
3579.93				5.6594
3589.96				5.5713
3599.84				5.3875
3609.92				5.3214
3619.98				5.1263
3629.85				4.9808
3639.91				4.8796
3649.98				4.6703
3659.84				4.6059
3669.89				4.4945
3679.95				4.3027
3690.01				4.0734
3699.9				3.9518
3709.93				3.8239
3720.01				3.6458
3729.88				3.4817
3739.93				3.4047
3759.86				3.2009
3769.95				3.0146
3779.96				2.8636
3789.86				2.8060
3799.91				2.5781
3809.96				2.5372
3819.85				2.4061
3829.89				2.2651
3839.95				2.1840
3850.04				2.0044
3859.89				1.8888
3880.01				1.6470
3889.88				1.5179
3899.92				1.3527
3910				1.2904
3919.83				1.1771
3929.91				1.0343
3939.97				0.9265
3949.84				0.8632
3959.91				0.6656
3969.95				0.5087
3979.84				0.3524
3999.95				0.1986
4010.01				0.0699
4019.88				-0.1458
4029.94				-0.2151
4040				-0.3728
4049.86				-0.4760
4059.93				-0.5884
4069.97				-0.6541
4079.84				-0.8772
4089.92				-0.9350
4099.96				-1.0312
4109.84				-1.2780
4119.89				-1.2727
4129.95				-1.5200
4139.84				-1.6316
4159.93				-1.7278
4170.03				-1.9263
4179.88				-2.1294
4189.95				-2.1648
4199.99				-2.2565
4209.87				-2.5034
4219.92				-2.4660
4229.99				-2.7181
4239.86				-2.8028
4249.92				-2.9031
4259.96				-3.0301
4269.84				-3.1745
4279.9				-3.2823
4289.96				-3.3943
4299.84				-3.5297
4309.88				-3.5740
4319.93				-3.7446
4329.99				-3.8923
4339.86				-4.0647
4349.94				-4.1461
4359.98				-4.3299
4369.86				-4.4026
4379.94				-4.5261
4389.96				-4.5531
4399.84				-4.7796
4409.9				-4.7558
4419.96				-4.9768
4439.92				-5.0885
4449.93				-5.2425
4459.82				-5.3364
4469.87				-5.4494
4479.94				-5.5662
4490.01				-5.6793
4499.86				-5.839
4509.93				-5.9096
4529.86				-6.0731
4539.92				-6.1803
4549.98				-6.1878
4559.86				-6.3432
4569.89				-6.5001
4579.97				-6.5625
4589.85				-6.7647
4599.89				-6.8227
4609.95				-6.8642
4619.82				-6.9991
4629.89				-7.1388
4649.83				-7.2222
4659.85				-7.3915
4669.94				-7.5651
4679.99				-7.5799
4699.92				-7.7822
4709.97				-7.9530
4719.85				-8.0920
4729.91				-8.1071
4739.96				-8.2512
4749.83				-8.3187
4759.92				-8.3689
4769.94				-8.4886
4779.82				-8.6865
4789.88				-8.7361
4799.93				-8.8919
4819.87				-8.9957
4829.92				-9.0786
4839.99				-9.1771
4849.87				-9.2865
4859.92				-9.3988
4869.99				-9.5803
4879.85				-9.6251
4889.88				-9.6662
4899.95				-9.7687
4909.82				-9.8504
4919.87				-9.8950
4929.95				-10.0456
4939.84				-10.2485
4949.88				-10.3077
4959.95				-10.4293
4969.8				-10.4327
4979.86				-10.5939
4989.93				-10.7072
4999.98				-10.7412
5019.92				-10.8569
5029.95				-11.0668
5039.83				-10.9989
5049.89				-11.1848
5059.96				-11.2152
5069.83				-11.2976
5079.88				-11.4538
5089.95				-11.4814
5099.82				-11.6902
5109.87				-11.6851
5119.92				-11.8281
5129.82				-11.8145
5139.86				-11.8999
5149.92				-12.1363
5159.98				-12.2444
5179.91				-12.2892
5189.96				-12.4583
5199.83				-12.5266
5209.89				-12.6964
5219.96				-12.6984
5229.83				-12.8301
5239.89				-12.9439
5249.94				-13.0121
5259.82				-13.1300
5269.88				-13.1685
5279.92				-13.3100
5289.81				-13.3754
5299.86				-13.4163
5309.92				-13.5199
5319.97				-13.6984
5339.9				-13.8386
5349.95				-13.8293
5359.84				-13.9984
5369.9				-14.0107
5389.82				-14.1904
5399.87				-14.3197
5409.93				-14.3219
5419.79				-14.3850
5429.87				-14.4760
5439.94				-14.5689
5449.79				-14.6121
5459.87				-14.7712
5469.93				-14.8186
5479.97				-14.9743
5489.84				-14.9952
5509.95				-15.1602
5519.82				-15.2056
5529.89				-15.3679
5539.95				-15.4020
5549.82				-15.4947
5559.88				-15.5919
5569.94				-15.5844
5579.8				-15.7411
5599.93				-15.8717
5609.8				-15.9151
5619.86				-16.0038
5629.91				-16.0243
5639.97				-16.2076
5649.86				-16.2762
5659.91				-16.4215
5679.83				-16.5293
5689.9				-16.5439
5699.94				-16.5860
5709.83				-16.6789
5729.95				-16.9168
5739.81				-16.9759
5749.88				-17.0054
5759.92				-17.0708
5769.79				-17.1163
5779.86				-17.3904
5789.92				-17.3289
5799.97				-17.4056
5809.85				-17.4339
5819.89				-17.5148
5829.95				-17.6803
5839.84				-17.7154
5849.88				-17.8607
5859.94				-17.8735
5869.82				-18.0128
5889.93				-18.0441
5899.8				-18.0971
5909.86				-18.2544
5919.92				-18.2332
5929.79				-18.4787
5939.85				-18.4709
5949.92				-18.4981
5959.98				-18.5419
5979.89				-18.6452
5989.94				-18.6777
5999.83				-18.9057
6009.88				-18.9441
6029.82				-19.1387
6039.87				-19.1553
6049.92				-19.2308
6059.79				-19.2905
6069.85				-19.4294
6079.92				-19.4182
6089.78				-19.4783
6099.86				-19.6091
6109.9				-19.6906
6119.79				-19.6527
6129.84				-19.8633
6139.89				-19.9234
6149.94				-19.8986
6159.82				-20.0871
6169.88				-20.2476
6179.95				-20.1524
6189.81				-20.3119
6199.87				-20.3013
6209.92				-20.4096
6229.84				-20.5046
6239.91				-20.5847
6249.79				-20.6424
6259.83				-20.6851
6269.91				-20.7843
6279.77				-20.7259
6289.83				-20.8852
6299.9				-21.0184
6309.96				-21.0480
6319.82				-21.1453
6329.87				-21.2922
6339.94				-21.3553
6349.81				-21.3301
6359.87				-21.3076
6369.93				-21.5426
6379.81				-21.5588
6389.85				-21.5151
6399.91				-21.6573
6409.79				-21.7619
6429.91				-21.8783
6439.76				-21.8768
6449.83				-21.9500
6459.89				-22.0183
6469.96				-22.1351
6479.82				-22.1387
6489.88				-22.3047
6499.95				-22.3332
6509.79				-22.2836
6519.86				-22.4215
6529.93				-22.5590
6539.8				-22.6123
6549.86				-22.7002
6559.92				-22.6969
6569.79				-22.6760
6579.85				-22.8074
6589.91				-22.8144
6599.76				-22.9678
6609.83				-22.9498
6629.94				-23.1197
6639.82				-23.1898
6649.87				-23.1662
6659.93				-23.3582
6669.79				-23.2794
6679.86				-23.4322
6689.93				-23.4618
6699.79				-23.5136
6709.84				-23.5020
6719.9				-23.6926
6729.79				-23.7811
6749.9				-23.7785
6759.76				-23.9354
6769.83				-23.8314
6779.89				-23.9439
6789.94				-24.0817
6799.82				-24.1438
6809.88				-24.2698
6819.94				-24.3309
6839.84				-24.3253
6849.92				-24.3752
6859.8				-24.4147
6869.85				-24.5444
6879.9				-24.6768
6889.79				-24.5790
6899.83				-24.6681
6909.89				-24.7257
6919.77				-24.7803
6929.83				-24.8396
6939.89				-24.9769
6959.8				-24.9866
6969.87				-25.1238
6979.94				-25.2443
6989.81				-25.2970
6999.86				-25.2636
7009.91				-25.4014
7019.8				-25.4472
7029.85				-25.5191
7039.92				-25.5643
7049.79				-25.5500
7059.84				-25.6019
7069.89				-25.6204
7079.76				-25.6974
7089.81				-25.7403
7099.88				-25.8376
7119.82				-25.8979
7129.86				-25.8767
7139.94				-26.0091
7149.8				-26.1199
7159.86				-26.1125
7169.92				-26.2109
7179.79				-26.2350
7189.84				-26.2770
7199.89				-26.2656
7209.76				-26.3796
7219.83				-26.4007
7239.76				-26.6246
7249.83				-26.5964
7259.87				-26.6845
7269.94				-26.6127
7289.87				-26.7668
7299.93				-26.7431
7309.79				-26.8495
7319.86				-26.9979
7339.78				-26.9617
7349.84				-26.9631
7359.9				-27.0675
7369.77				-27.1728
7379.83				-27.1737
7389.89				-27.2035
7399.77				-27.2904
7409.82				-27.3450
7419.87				-27.3725
7429.94				-27.4597
7439.8				-27.5738
7449.86				-27.6377
7459.92				-27.5944
7469.8				-27.6229
7479.84				-27.6562
7499.77				-27.8509
7509.86				-27.9259
7519.9				-27.8806
7529.77				-27.9861
7549.88				-28.0223
7559.75				-28.0015
7569.82				-28.0784
7579.89				-28.2086
7599.8				-28.0563
7609.86				-28.2005
7619.93				-28.2960
7629.81				-28.2436
7639.85				-28.4374
7649.91				-28.5148
7659.78				-28.5473
7669.83				-28.4977
7679.9				-28.5711
7689.75				-28.6605
7699.83				-28.6462
7709.87				-28.7583
7719.75				-28.8763
7729.81				-28.7279
7739.88				-28.8820
7759.8				-28.8630
7769.85				-28.9344
7779.92				-29.0410
7789.79				-29.1219
7799.86				-29.0469
7809.91				-29.1839
7819.77				-29.3921
7829.82				-29.3100
7849.77				-29.2968
7859.82				-29.3571
7869.88				-29.5407
7879.76				-29.4465
7889.81				-29.6586
7899.88				-29.575
7909.74				-29.7437
7919.78				-29.7299
7929.86				-29.8436
7939.93				-29.7430
7949.8				-29.8022
7959.85				-29.9879
7969.91				-29.9061
7979.76				-29.9545
7989.81				-30.0066
7999.91				-30.0499
8009.77				-30.1357
8019.81				-30.0809
8029.88				-30.2736
8049.81				-30.2008
8059.87				-30.3089
8069.74				-30.4579
8079.79				-30.4079
8099.92				-30.5031
8109.78				-30.4227
8119.85				-30.5365
8129.9				-30.561
8149.83				-30.7373
8159.89				-30.6469
8169.75				-30.6069
8179.81				-30.8530
8189.88				-30.8003
8199.75				-30.8274
8209.82				-30.9430
8219.87				-30.9464
8229.74				-30.9861
8239.79				-30.9482
8249.86				-31.0097
8269.78				-31.0867
8279.84				-31.2103
8289.89				-31.3013
8299.77				-31.2148
8319.9				-31.3730
8329.78				-31.3758
8339.8				-31.4616
8349.89				-31.3517
8359.75				-31.4915
8369.8				-31.5456
8379.85				-31.6125
8389.74				-31.6147
8399.78				-31.6639
8409.85				-31.7050
8419.9				-31.7201
8429.78				-31.7406
8439.84				-31.8935
8449.91				-31.8358
8459.78				-31.9139
8469.83				-31.8195
8479.89				-31.8741
8489.77				-32.0160
8499.81				-32.0790
8509.86				-32.2125
8519.75				-32.2951
8529.79				-32.2197
8539.85				-32.2469
8559.78				-32.2443
8569.86				-32.3409
8579.9				-32.3818
8589.78				-32.3087
8599.84				-32.4942
8609.89				-32.4481
8619.77				-32.5991
8629.83				-32.4429
8639.88				-32.4786
8649.75				-32.4925
8659.81				-32.7558
8669.87				-32.7107
8679.75				-32.8323
8689.79				-32.6580
8699.83				-32.8529
8709.75				-32.8388
8719.78				-32.8543
8729.84				-32.9453
8739.9				-33.0466
8759.82				-32.9256
8769.89				-33.1055
8779.76				-33.2758
8789.83				-33.2070
8799.88				-33.2831
8809.76				-33.3870
8819.81				-33.2977
8829.87				-33.3212
8839.74				-33.3410
8849.8				-33.4512
8859.87				-33.3598
8879.76				-33.4790
8889.85				-33.5405
8899.93				-33.5381
8909.78				-33.5658
8929.89				-33.5541
8939.77				-33.6401
8949.82				-33.7246
8959.88				-33.6646
8969.76				-33.7476
8979.82				-33.9072
8989.86				-33.7428
8999.73				-33.8932
9009.8				-33.9592
9019.84				-34.0122
9029.72				-34.0703
9039.78				-34.0475
9049.86				-34.1000
9059.89				-34.0723
9069.76				-34.2538
9089.88				-34.1000
9099.75				-34.2393
9109.82				-34.4001
9119.87				-34.2655
9139.81				-34.4325
9149.87				-34.4684
9159.73				-34.5251
9169.79				-34.3743
9179.86				-34.4851
9189.73				-34.5013
9199.77				-34.5942
9209.84				-34.5923
9219.72				-34.6308
9229.76				-34.6485
9239.82				-34.7649
9259.76				-34.7129
9269.82				-34.7721
9279.88				-34.6775
9289.75				-34.9128
9309.86				-34.8761
9319.74				-35.0510
9329.79				-34.9903
9339.86				-35.0259
9349.71				-34.9678
9359.78				-35.1252
9369.83				-35.1277
9379.71				-35.0360
9389.76				-35.1850
9399.83				-35.2699
9409.88				-35.1455
9419.76				-35.3936
9429.82				-35.2327
9439.88				-35.3269
9449.73				-35.2680
9459.79				-35.4204
9469.85				-35.4215
9479.72				-35.4548
9489.79				-35.6351
9499.84				-35.3160
9509.73				-35.4007
9519.76				-35.5497
9529.85				-35.5641
9539.69				-35.5382
9549.78				-35.6768
9559.81				-35.6240
9569.88				-35.7538
9589.8				-35.7458
9599.87				-35.7661
9609.74				-35.9213
9619.8				-35.8754
9629.87				-35.8826
9639.72				-36.0379
9649.79				-35.9765
9659.85				-35.9620
9669.71				-35.9473
9679.77				-35.8829
9689.84				-36.0717
9699.71				-36.1010
9709.76				-35.9813
9719.84				-36.1189
9729.87				-36.1088
9739.77				-36.1714
9749.8				-36.2580
9759.87				-36.3432
9769.73				-36.2066
9779.8				-36.3095
9789.86				-36.4397
9799.73				-36.3940
9809.79				-36.4422
9829.71				-36.5845
9839.77				-36.5064
9849.83				-36.6811
9859.71				-36.4686
9869.76				-36.6036
9879.82				-36.6514
9889.88				-36.5587
9899.73				-36.7427
9909.8				-36.7001
9919.86				-36.7220
9929.73				-36.7232
9939.8				-36.9890
9949.85				-36.8995
9959.73				-36.8968
9969.78				-36.8267
9989.73				-36.9724
9999.78				-37.0546
