0	0.945884
1.00E-05	0.938803
2.00E-05	0.846109
3.00E-05	0.679068
4.00E-05	0.452483
5.00E-05	0.18792
6.00E-05	-0.0914474
7.00E-05	-0.358263
8.00E-05	-0.589352
9.00E-05	-0.764761
1.00E-04	-0.87226
0.00011	-0.900583
0.00012	-0.851018
0.00013	-0.727748
0.00014	-0.54204
0.00015	-0.31095
0.00016	-0.0560436
0.00017	0.201438
0.00018	0.436391
0.00019	0.631433
0.0002	0.771118
0.00021	0.846431
0.00022	0.851259
0.00023	0.788498
0.00024	0.666193
0.00025	0.495933
0.00026	0.294454
0.00027	0.0784906
0.00028	-0.132001
0.00029	-0.319319
0.0003	-0.471554
0.00031	-0.575834
0.00032	-0.630227
0.00033	-0.63248
0.00034	-0.587421
0.00035	-0.502774
0.00036	-0.389804
0.00037	-0.261063
0.00038	-0.12846
0.00039	-0.00519098
0.0004	0.0984454
0.00041	0.176977
0.00042	0.225899
0.00043	0.24521
0.00044	0.239095
0.00045	0.213025
0.00046	0.173437
0.00047	0.130953
0.00048	0.0910428
0.00049	0.0617543
0.0005	0.0463054
0.00051	0.0466272
0.00052	0.062398
0.00053	0.0891117
0.00054	0.121941
0.00055	0.153482
0.00056	0.177299
0.00057	0.187599
0.00058	0.176977
0.00059	0.144792
0.0006	0.0913647
0.00061	0.0189479
0.00062	-0.0666647
0.00063	-0.157105
0.00064	-0.24304
0.00065	-0.315134
0.00066	-0.365022
0.00067	-0.385942
0.00068	-0.37339
0.00069	-0.325756
0.0007	-0.246902
0.00071	-0.142622
0.00072	-0.0222491
0.00073	0.10263
0.00074	0.219784
0.00075	0.315052
0.00076	0.378457
0.00077	0.402918
0.00078	0.381676
0.00079	0.318592
0.0008	0.2156
0.00081	0.0826747
0.00082	-0.0663429
0.00083	-0.216326
0.00084	-0.349895
0.00085	-0.453209
0.00086	-0.511786
0.00087	-0.515326
0.00088	-0.460612
0.00089	-0.346998
0.0009	-0.183175
0.00091	0.0195916
0.00092	0.241992
0.00093	0.465035
0.00094	0.66555
0.00095	0.822292
0.00096	0.917561
0.00097	0.93655
0.00098	0.871536
0.00099	0.72284
0.001	0.496577
0.00101	0.20691
0.00102	-0.124276
0.00103	-0.470267
0.00104	-0.799843
0.00105	-1.08533
0.00106	-1.30129
0.00107	-1.42552
0.00108	-1.4429
0.00109	-1.34635
0.0011	-1.1394
0.00111	-0.834603
0.00112	-0.4516
0.00113	-0.0170995
0.00114	0.434138
0.00115	0.861558
0.00116	1.23233
0.00117	1.51621
0.00118	1.68904
0.00119	1.73475
0.0012	1.64849
0.00121	1.43478
0.00122	1.10939
0.00123	0.697413
0.00124	0.231049
0.00125	-0.251086
0.00126	-0.708759
0.00127	-1.10271
0.00128	-1.40525
0.00129	-1.59063
0.0013	-1.64663
0.00131	-1.56875
0.00132	-1.36695
0.00133	-1.05797
0.00134	-0.669171
0.00135	-0.234993
0.00136	0.205944
0.00137	0.612766
0.00138	0.951033
0.00139	1.1921
0.0014	1.3173
0.00141	1.31891
0.00142	1.1979
0.00143	0.967126
0.00144	0.650423
0.00145	0.278039
0.00146	-0.114621
0.00147	-0.488613
0.00148	-0.806924
0.00149	-1.03962
0.0015	-1.16708
0.00151	-1.17448
0.00152	-1.06247
0.00153	-0.839109
0.00154	-0.524338
0.00155	-0.145197
0.00156	0.260659
0.00157	0.653963
0.00158	0.998346
0.00159	1.25937
0.0016	1.41322
0.00161	1.44186
0.00162	1.33694
0.00163	1.10713
0.00164	0.766612
0.00165	0.341766
0.00166	-0.132966
0.00167	-0.615744
0.00168	-1.0644
0.00169	-1.44001
0.0017	-1.71068
0.00171	-1.8523
0.00172	-1.8494
0.00173	-1.69942
0.00174	-1.41168
0.00175	-1.00422
0.00176	-0.507602
0.00177	0.0411557
0.00178	0.596351
0.00179	1.11325
0.0018	1.55
0.00181	1.8754
0.00182	2.064
0.00183	2.10005
0.00184	1.98193
0.00185	1.71737
0.00186	1.32728
0.00187	0.839994
0.00188	0.292844
0.00189	-0.273294
0.0019	-0.811752
0.00191	-1.2823
0.00192	-1.65404
0.00193	-1.90186
0.00194	-2.01129
0.00195	-1.97524
0.00196	-1.80112
0.00197	-1.50438
0.00198	-1.1085
0.00199	-0.64278
0.002	-0.143909
0.00201	0.350778
0.00202	0.802981
0.00203	1.18277
0.00204	1.46664
0.00205	1.63948
0.00206	1.69387
0.00207	1.63143
0.00208	1.45956
0.00209	1.19693
0.0021	0.864777
0.00211	0.488209
0.00212	0.0936177
0.00213	-0.288421
0.00214	-0.633768
0.00215	-0.918606
0.00216	-1.13167
0.00217	-1.26267
0.00218	-1.30966
0.00219	-1.27296
0.0022	-1.15839
0.00221	-0.980402
0.00222	-0.750278
0.00223	-0.484429
0.00224	-0.201199
0.00225	0.0833184
0.00226	0.352065
0.00227	0.589592
0.00228	0.785923
0.00229	0.934297
0.0023	1.02699
0.00231	1.064
0.00232	1.04437
0.00233	0.970023
0.00234	0.845466
0.00235	0.676815
0.00236	0.473082
0.00237	0.241992
0.00238	-0.00454728
0.00239	-0.253017
0.0024	-0.492797
0.00241	-0.71069
0.00242	-0.894467
0.00243	-1.03415
0.00244	-1.12169
0.00245	-1.14744
0.00246	-1.1114
0.00247	-1.0084
0.00248	-0.842328
0.00249	-0.619284
0.0025	-0.349895
0.00251	-0.0476755
0.00252	0.268062
0.00253	0.578006
0.00254	0.86188
0.00255	1.10102
0.00256	1.27804
0.00257	1.38006
0.00258	1.39616
0.00259	1.3231
0.0026	1.16153
0.00261	0.920136
0.00262	0.610835
0.00263	0.255188
0.00264	-0.125242
0.00265	-0.50213
0.00266	-0.84973
0.00267	-1.14229
0.00268	-1.3618
0.00269	-1.49118
0.0027	-1.51982
0.00271	-1.44676
0.00272	-1.27425
0.00273	-1.01516
0.00274	-0.685908
0.00275	-0.310307
0.00276	0.0829965
0.00277	0.465679
0.00278	0.807487
0.00279	1.08589
0.0028	1.28126
0.00281	1.38167
0.00282	1.38167
0.00283	1.28286
0.00284	1.09394
0.00285	0.83227
0.00286	0.518141
0.00287	0.176977
0.00288	-0.162899
0.00289	-0.474773
0.0029	-0.736117
0.00291	-0.927296
0.00292	-1.03769
0.00293	-1.06247
0.00294	-1.00293
0.00295	-0.86711
0.00296	-0.670459
0.00297	-0.430036
0.00298	-0.16837
0.00299	0.0913647
0.003	0.325673
0.00301	0.517176
0.00302	0.649779
0.00303	0.716724
0.00304	0.713828
0.00305	0.64656
0.00306	0.522969
0.00307	0.356571
0.00308	0.164425
0.00309	-0.0341577
0.0031	-0.219866
0.00311	-0.374999
0.00312	-0.487325
0.00313	-0.546546
0.00314	-0.550086
0.00315	-0.498912
0.00316	-0.398172
0.00317	-0.259454
0.00318	-0.0962751
0.00319	0.0762376
0.0032	0.239417
0.00321	0.379423
0.00322	0.482094
0.00323	0.540671
0.00324	0.548073
0.00325	0.506554
0.00326	0.418367
0.00327	0.292201
0.00328	0.142217
0.00329	-0.0190306
0.0033	-0.178669
0.00331	-0.31964
0.00332	-0.430036
0.00333	-0.501809
0.00334	-0.529166
0.00335	-0.511142
0.00336	-0.44999
0.00337	-0.352469
0.00338	-0.228234
0.00339	-0.0882288
0.0034	0.0524206
0.00341	0.184058
0.00342	0.291879
0.00343	0.369767
0.00344	0.409033
0.00345	0.410642
0.00346	0.373629
0.00347	0.303787
0.00348	0.209484
0.00349	0.100055
0.0035	-0.0132373
0.00351	-0.120414
0.00352	-0.208602
0.00353	-0.271363
0.00354	-0.303226
0.00355	-0.300651
0.00356	-0.265891
0.00357	-0.201521
0.00358	-0.115586
0.00359	-0.016134
0.0036	0.0865369
0.00361	0.181161
0.00362	0.259372
0.00363	0.312477
0.00364	0.334685
0.00365	0.324064
0.00366	0.279648
0.00367	0.205622
0.00368	0.107135
0.00369	-0.00647839
0.0037	-0.126529
0.00371	-0.240787
0.00372	-0.339595
0.00373	-0.414909
0.00374	-0.458037
0.00375	-0.464474
0.00376	-0.433898
0.00377	-0.366631
0.00378	-0.266535
0.00379	-0.141656
0.0038	-0.000363201
0.00381	0.147367
0.00382	0.28866
0.00383	0.412895
0.00384	0.510417
0.00385	0.574787
0.00386	0.597961
0.00387	0.579293
0.00388	0.517819
0.00389	0.417401
0.0039	0.283189
0.00391	0.125481
0.00392	-0.0473536
0.00393	-0.221476
0.00394	-0.385298
0.00395	-0.526591
0.00396	-0.63763
0.00397	-0.706828
0.00398	-0.730645
0.00399	-0.706506