0	3.79527
5.00E-06	3.34467
1.00E-05	2.95876
1.50E-05	2.62307
2.00E-05	2.3276
2.50E-05	2.07044
3.00E-05	1.84193
3.50E-05	1.64109
4.00E-05	1.46439
4.50E-05	1.30604
5.00E-05	1.16571
5.50E-05	1.04276
6.00E-05	0.933332
6.50E-05	0.83581
7.00E-05	0.748588
7.50E-05	0.67263
8.00E-05	0.60472
8.50E-05	0.543567
9.00E-05	0.488853
9.50E-05	0.439287
1.00E-04	0.397446
0.000105	0.359146
0.00011	0.324064
0.000115	0.293166
0.00012	0.266131
0.000125	0.240704
0.00013	0.219462
0.000135	0.199829
0.00014	0.183736
0.000145	0.168609
0.00015	0.154448
0.000155	0.142539
0.00016	0.130309
0.000165	0.12001
0.00017	0.112929
0.000175	0.104561
0.00018	0.0974799
0.000185	0.0910428
0.00019	0.0871806
0.000195	0.0800999
0.0002	0.0768813
0.000205	0.0726973
0.00021	0.0698006
0.000215	0.0672258
0.00022	0.0640072
0.000225	0.0630417
0.00023	0.0578921
0.000235	0.0566046
0.00024	0.0546735
0.000245	0.0524206
0.00025	0.0520987
0.000255	0.0511332
0.00026	0.0498457
0.000265	0.0495239
0.00027	0.0482365
0.000275	0.0466272
0.00028	0.0466272
0.000285	0.0434087
0.00029	0.0443743
0.000295	0.0430868
0.0003	0.0414776
0.000305	0.042765
0.00031	0.0421213
0.000315	0.0392246
0.00032	0.0398683
0.000325	0.040512
0.00033	0.0408339
0.000335	0.0385809
0.00034	0.0401902
0.000345	0.0389028
0.00035	0.0392246
0.000355	0.0395465
0.00036	0.0395465
0.000365	0.0382591
0.00037	0.0389028
0.000375	0.0401902
0.00038	0.0385809
0.000385	0.0382591
0.00039	0.0382591
0.000395	0.0392246
0.0004	0.0392246
0.000405	0.0395465
0.00041	0.0379372
0.000415	0.0385809
0.00042	0.0372935
0.000425	0.0385809
0.00043	0.0379372
0.000435	0.0379372
0.00044	0.0389028
0.000445	0.0376154
0.00045	0.0356842
0.000455	0.0395465
0.00046	0.0389028
0.000465	0.036328
0.00047	0.036328
0.000475	0.0360061
0.00048	0.0372935
0.000485	0.0372935
0.00049	0.0372935
0.000495	0.0350405
0.0005	-3.7834
0.000505	-3.33378
0.00051	-2.94916
0.000515	-2.61476
0.00052	-2.31995
0.000525	-2.06053
0.00053	-1.82912
0.000535	-1.62571
0.00054	-1.44515
0.000545	-1.28552
0.00055	-1.14422
0.000555	-1.01741
0.00056	-0.906376
0.000565	-0.808211
0.00057	-0.718093
0.000575	-0.64117
0.00058	-0.570685
0.000585	-0.509533
0.00059	-0.452565
0.000595	-0.403966
0.0006	-0.360837
0.000605	-0.320606
0.00061	-0.28649
0.000615	-0.254626
0.00062	-0.228556
0.000625	-0.203452
0.00063	-0.181888
0.000635	-0.162255
0.00064	-0.145197
0.000645	-0.12846
0.00065	-0.115908
0.000655	-0.104
0.00066	-0.0917692
0.000665	-0.0846885
0.00067	-0.074711
0.000675	-0.0666647
0.00068	-0.0589403
0.000685	-0.0528251
0.00069	-0.0476755
0.000695	-0.0460662
0.0007	-0.0393073
0.000705	-0.0354451
0.00071	-0.031261
0.000715	-0.0283643
0.00072	-0.0245021
0.000725	-0.0222491
0.00073	-0.0212836
0.000735	-0.0180651
0.00074	-0.0177432
0.000745	-0.0170995
0.00075	-0.0145247
0.000755	-0.0145247
0.00076	-0.0113062
0.000765	-0.0129154
0.00077	-0.00905321
0.000775	-0.0103406
0.00078	-0.0100188
0.000785	-0.0077658
0.00079	-0.0071221
0.000795	-0.00615654
0.0008	-0.0071221
0.000805	-0.00615654
0.00081	-0.00615654
0.000815	-0.00454728
0.00082	-0.00422543
0.000825	-0.00390357
0.00083	-0.00454728
0.000835	-0.00229431
0.00084	-0.00325987
0.000845	-0.00422543
0.00085	-0.00261617
0.000855	-0.00261617
0.00086	-0.00390357
0.000865	-0.00197246
0.00087	-0.00261617
0.000875	-0.00293802
0.00088	-0.00358172
0.000885	-0.00358172
0.00089	-0.00197246
0.000895	-0.00165061
0.0009	-0.00261617
0.000905	-0.00358172
0.00091	-0.00132876
0.000915	-0.00132876
0.00092	-0.000685053
0.000925	-0.00197246
0.00093	-0.00165061
0.000935	-0.00165061
0.00094	-0.00132876
0.000945	-0.00229431
0.00095	-0.00132876
0.000955	-0.00132876
0.00096	-0.00229431
0.000965	-0.000363201
0.00097	-0.00165061
0.000975	-0.00197246
0.00098	-4.13E-05
0.000985	-0.000363201
0.00099	-0.00132876
0.000995	-0.00293802
0.001	3.79237
0.001005	3.34274
0.00101	2.95748
0.001015	2.62114
0.00102	2.32825
0.001025	2.06915
0.00103	1.83999
0.001035	1.64077
0.00104	1.46149
0.001045	1.30411
0.00105	1.16732
0.001055	1.04341
0.00106	0.932366
0.001065	0.836132
0.00107	0.749875
0.001075	0.670378
0.00108	0.603432
0.001085	0.541636
0.00109	0.487887
0.001095	0.438965
0.0011	0.397446
0.001105	0.358824
0.00111	0.324386
0.001115	0.292522
0.00112	0.265487
0.001125	0.24167
0.00113	0.221393
0.001135	0.199829
0.00114	0.182771
0.001145	0.168609
0.00115	0.154448
0.001155	0.142217
0.00116	0.131274
0.001165	0.120975
0.00117	0.112607
0.001175	0.106492
0.00118	0.0965143
0.001185	0.0910428
0.00119	0.0855713
0.001195	0.0800999
0.0012	0.0765595
0.001205	0.073341
0.00121	0.0701224
0.001215	0.0659384
0.00122	0.0630417
0.001225	0.0591795
0.00123	0.0588576
0.001235	0.0566046
0.00124	0.0530643
0.001245	0.053708
0.00125	0.0524206
0.001255	0.0488802
0.00126	0.0501676
0.001265	0.0482365
0.00127	0.0463054
0.001275	0.0446961
0.00128	0.0443743
0.001285	0.0437306
0.00129	0.0434087
0.001295	0.0430868
0.0013	0.0430868
0.001305	0.0430868
0.00131	0.042765
0.001315	0.0421213
0.00132	0.0408339
0.001325	0.0411557
0.00133	0.0401902
0.001335	0.0392246
0.00134	0.0398683
0.001345	0.0395465
0.00135	0.040512
0.001355	0.0389028
0.00136	0.0395465
0.001365	0.0382591
0.00137	0.0379372
0.001375	0.0382591
0.00138	0.0379372
0.001385	0.0382591
0.00139	0.0369717
0.001395	0.0392246
0.0014	0.0389028
0.001405	0.0392246
0.00141	0.0392246
0.001415	0.0385809
0.00142	0.0385809
0.001425	0.0382591
0.00143	0.0379372
0.001435	0.0379372
0.00144	0.0385809
0.001445	0.0379372
0.00145	0.0382591
0.001455	0.0379372
0.00146	0.0385809
0.001465	0.0379372
0.00147	0.0379372
0.001475	0.0382591
0.00148	0.0379372
0.001485	0.0360061
0.00149	0.0369717
0.001495	0.0360061
0.0015	-3.79338
0.001505	-3.34021
0.00151	-2.95657
0.001515	-2.61862
0.00152	-2.32413
0.001525	-2.0615
0.00153	-1.8317
0.001535	-1.62893
0.00154	-1.44709
0.001545	-1.28648
0.00155	-1.14616
0.001555	-1.01902
0.00156	-0.908951
0.001565	-0.807889
0.00157	-0.720024
0.001575	-0.640848
0.00158	-0.570685
0.001585	-0.509855
0.00159	-0.453209
0.001595	-0.404931
0.0016	-0.360516
0.001605	-0.322537
0.00161	-0.288743
0.001615	-0.256557
0.00162	-0.228234
0.001625	-0.20313
0.00163	-0.18221
0.001635	-0.164508
0.00164	-0.144875
0.001645	-0.129426
0.00165	-0.118161
0.001655	-0.104965
0.00166	-0.0940222
0.001665	-0.0814699
0.00167	-0.074711
0.001675	-0.0685959
0.00168	-0.0611933
0.001685	-0.0550781
0.00169	-0.0492847
0.001695	-0.0428477
0.0017	-0.0396292
0.001705	-0.0354451
0.00171	-0.0315829
0.001715	-0.0286862
0.00172	-0.0277206
0.001725	-0.0222491
0.00173	-0.0216054
0.001735	-0.0180651
0.00174	-0.0158121
0.001745	-0.0167777
0.00175	-0.0135591
0.001755	-0.0122717
0.00176	-0.011628
0.001765	-0.00937506
0.00177	-0.00808765
0.001775	-0.0103406
0.00178	-0.00969691
0.001785	-0.00647839
0.00179	-0.00808765
0.001795	-0.00583469
0.0018	-0.00680024
0.001805	-0.00551284
0.00181	-0.00519098
0.001815	-0.00583469
0.00182	-0.00390357
0.001825	-0.00519098
0.00183	-0.00486913
0.001835	-0.00325987
0.00184	-0.00261617
0.001845	-0.00293802
0.00185	-0.00293802
0.001855	-0.00100691
0.00186	-0.00261617
0.001865	-0.00358172
0.00187	-0.00358172
0.001875	-0.00293802
0.00188	-0.00358172
0.001885	-0.00325987
0.00189	-0.00261617
0.001895	-0.00325987
0.0019	-0.00293802
0.001905	-0.000685053
0.00191	-0.000685053
0.001915	-0.00197246
0.00192	-0.00132876
0.001925	-0.00229431
0.00193	-0.00132876
0.001935	-0.00293802
0.00194	-0.00197246
0.001945	-0.00229431
0.00195	-0.00100691
0.001955	-0.00165061
0.00196	-0.00197246
0.001965	-0.00261617
0.00197	-0.00197246
0.001975	-0.00293802
0.00198	-0.00197246
0.001985	-0.00100691
0.00199	-0.00132876
0.001995	-0.00197246
0.002	3.78143
0.002005	3.33341
0.00201	2.94911
0.002015	2.6147
0.00202	2.32245
0.002025	2.06368
0.00203	1.83742
0.002035	1.63626
0.00204	1.45795
0.002045	1.30153
0.00205	1.16474
0.002055	1.04019
0.00206	0.930435
0.002065	0.833235
0.00207	0.746979
0.002075	0.669734
0.00208	0.602788
0.002085	0.541958
0.00209	0.487565
0.002095	0.439609
0.0021	0.395837
0.002105	0.358824
0.00211	0.32342
0.002115	0.293488
0.00212	0.265809
0.002125	0.240704
0.00213	0.220749
0.002135	0.199185
0.00214	0.183736
0.002145	0.170219
0.00215	0.153482
0.002155	0.140608
0.00216	0.13224
0.002165	0.12001
0.00217	0.112285
0.002175	0.104561
0.00218	0.0981236
0.002185	0.0923302
0.00219	0.0855713
0.002195	0.0804217
0.0022	0.0772032
0.002205	0.0736628
0.00221	0.0691569
0.002215	0.0665821
0.00222	0.0620761
0.002225	0.0614324
0.00223	0.0585358
0.002235	0.0569265
0.00224	0.0559609
0.002245	0.0533861
0.00225	0.053708
0.002255	0.0504895
0.00226	0.0495239
0.002265	0.0463054
0.00227	0.0466272
0.002275	0.0463054
0.00228	0.045018
0.002285	0.0434087
0.00229	0.0446961
0.002295	0.0437306
0.0023	0.0417994
0.002305	0.0424431
0.00231	0.0430868
0.002315	0.0430868
0.00232	0.0408339
0.002325	0.0408339
0.00233	0.0408339
0.002335	0.0408339
0.00234	0.0411557
0.002345	0.040512
0.00235	0.0372935
0.002355	0.040512
0.00236	0.0395465
0.002365	0.0389028
0.00237	0.0382591
0.002375	0.0379372
0.00238	0.0389028
0.002385	0.0382591
0.00239	0.0389028
0.002395	0.0382591
0.0024	0.0385809
0.002405	0.0379372
0.00241	0.0382591
0.002415	0.0392246
0.00242	0.0366498
0.002425	0.0376154
0.00243	0.0395465
0.002435	0.0360061
0.00244	0.0389028
0.002445	0.0382591
0.00245	0.0389028
0.002455	0.0376154
0.00246	0.036328
0.002465	0.0356842
0.00247	0.0382591
0.002475	0.0366498
0.00248	0.0369717
0.002485	0.0369717
0.00249	0.0392246
0.002495	0.0369717
0.0025	-3.78919
0.002505	-3.3386
0.00251	-2.95206
0.002515	-2.61669
0.00252	-2.32316
0.002525	-2.0615
0.00253	-1.83073
0.002535	-1.627
0.00254	-1.44612
0.002545	-1.28616
0.00255	-1.14326
0.002555	-1.01741
0.00256	-0.90702
0.002565	-0.80628
0.00257	-0.719058
0.002575	-0.637952
0.00258	-0.569719
0.002585	-0.508889
0.00259	-0.454818
0.002595	-0.404287
0.0026	-0.360194
0.002605	-0.320606
0.00261	-0.285524
0.002615	-0.256879
0.00262	-0.229522
0.002625	-0.201843
0.00263	-0.181244
0.002635	-0.160967
0.00264	-0.144875
0.002645	-0.129104
0.00265	-0.114943
0.002655	-0.104643
0.00266	-0.0930566
0.002665	-0.0850103
0.00267	-0.0731018
0.002675	-0.0669866
0.00268	-0.0605496
0.002685	-0.0525033
0.00269	-0.0483192
0.002695	-0.0431695
0.0027	-0.0386636
0.002705	-0.0357669
0.00271	-0.0315829
0.002715	-0.0270769
0.00272	-0.0251458
0.002725	-0.0222491
0.00273	-0.0209617
0.002735	-0.0174214
0.00274	-0.0183869
0.002745	-0.0170995
0.00275	-0.0135591
0.002755	-0.0135591
0.00276	-0.0122717
0.002765	-0.0119499
0.00277	-0.0103406
0.002775	-0.00969691
0.00278	-0.00937506
0.002785	-0.0077658
0.00279	-0.00808765
0.002795	-0.0071221
0.0028	-0.00744395
0.002805	-0.0071221
0.00281	-0.00454728
0.002815	-0.00454728
0.00282	-0.00422543
0.002825	-0.00454728
0.00283	-0.00293802
0.002835	-0.00358172
0.00284	-0.00325987
0.002845	-0.00229431
0.00285	-0.00132876
0.002855	-0.00390357
0.00286	-0.00422543
0.002865	-0.00325987
0.00287	-0.00358172
0.002875	-0.00165061
0.00288	-0.00197246
0.002885	-0.00358172
0.00289	-0.00229431
0.002895	-0.00358172
0.0029	-0.00229431
0.002905	-0.00293802
0.00291	-0.00165061
0.002915	-0.00261617
0.00292	-0.00132876
0.002925	-0.00325987
0.00293	-0.00132876
0.002935	-0.00100691
0.00294	-0.00100691
0.002945	-0.00325987
0.00295	-0.00165061
0.002955	-0.00132876
0.00296	-0.00197246
0.002965	-0.00132876
0.00297	-0.00165061
0.002975	-0.00261617
0.00298	-0.000685053
0.002985	-0.000363201
0.00299	-0.00100691
0.002995	0.000280504
0.003	3.78948
0.003005	3.34016
0.00301	2.95555
0.003015	2.6176
0.00302	2.32535
0.003025	2.06819
0.00303	1.83999
0.003035	1.6398
0.00304	1.46149
0.003045	1.30411
0.00305	1.16539
0.003055	1.04212
0.00306	0.932044
0.003065	0.834844
0.00307	0.749232
0.003075	0.671665
0.00308	0.603432
0.003085	0.543567
0.00309	0.488531
0.003095	0.441218
0.0031	0.395837
0.003105	0.358502
0.00311	0.324386
0.003115	0.292844
0.00312	0.266774
0.003125	0.241026
0.00313	0.221393
0.003135	0.201116
0.00314	0.181805
0.003145	0.166356
0.00315	0.15316
0.003155	0.142861
0.00316	0.130953
0.003165	0.120331
0.00317	0.111641
0.003175	0.103917
0.00318	0.0968362
0.003185	0.0913647
0.00319	0.0865369
0.003195	0.0807436
0.0032	0.0765595
0.003205	0.0726973
0.00321	0.0675476
0.003215	0.0672258
0.00322	0.0640072
0.003225	0.060145
0.00323	0.0578921
0.003235	0.0556391
0.00324	0.0556391
0.003245	0.0540298
0.00325	0.0511332
0.003255	0.0498457
0.00326	0.0485583
0.003265	0.0495239
0.00327	0.0475928
0.003275	0.0463054
0.00328	0.0453398
0.003285	0.0453398
0.00329	0.0440524
0.003295	0.0440524
0.0033	0.0446961
0.003305	0.042765
0.00331	0.0398683
0.003315	0.0424431
0.00332	0.0411557
0.003325	0.0414776
0.00333	0.0414776
0.003335	0.0379372
0.00334	0.0398683
0.003345	0.0398683
0.00335	0.0395465
0.003355	0.040512
0.00336	0.0408339
0.003365	0.0385809
0.00337	0.0389028
0.003375	0.0385809
0.00338	0.0385809
0.003385	0.0379372
0.00339	0.040512
0.003395	0.0366498
0.0034	0.0379372
0.003405	0.0379372
0.00341	0.0382591
0.003415	0.0379372
0.00342	0.0379372
0.003425	0.0379372
0.00343	0.0392246
0.003435	0.0372935
0.00344	0.0376154
0.003445	0.0389028
0.00345	0.0369717
0.003455	0.0360061
0.00346	0.0356842
0.003465	0.0385809
0.00347	0.0366498
0.003475	0.0369717
0.00348	0.0376154
0.003485	0.0382591
0.00349	0.0372935
0.003495	0.0366498
0.0035	-3.78887
0.003505	-3.33635
0.00351	-2.95206
0.003515	-2.61766
0.00352	-2.32316
0.003525	-2.06247
0.00353	-1.83073
0.003535	-1.62668
0.00354	-1.44676
0.003545	-1.28552
0.00355	-1.14583
0.003555	-1.01806
0.00356	-0.90702
0.003565	-0.808855
0.00357	-0.719702
0.003575	-0.640527
0.00358	-0.569719
0.003585	-0.507924
0.00359	-0.454818
0.003595	-0.402034
0.0036	-0.358263
0.003605	-0.323181
0.00361	-0.286812
0.003615	-0.25527
0.00362	-0.227269
0.003625	-0.202164
0.00363	-0.181566
0.003635	-0.15968
0.00364	-0.144553
0.003645	-0.129426
0.00365	-0.115908
0.003655	-0.103678
0.00366	-0.0927348
0.003665	-0.0830792
0.00367	-0.0743892
0.003675	-0.0676303
0.00368	-0.0592621
0.003685	-0.0534688
0.00369	-0.0483192
0.003695	-0.0425258
0.0037	-0.0386636
0.003705	-0.0344795
0.00371	-0.0306173
0.003715	-0.0277206
0.00372	-0.0261114
0.003725	-0.0232147
0.00373	-0.020318
0.003735	-0.0180651
0.00374	-0.0170995
0.003745	-0.0154903
0.00375	-0.0142028
0.003755	-0.0129154
0.00376	-0.011628
0.003765	-0.0122717
0.00377	-0.0106625
0.003775	-0.0109843
0.00378	-0.00840951
0.003785	-0.00744395
0.00379	-0.00647839
0.003795	-0.00583469
0.0038	-0.00583469
0.003805	-0.00744395
0.00381	-0.00519098
0.003815	-0.00486913
0.00382	-0.00325987
0.003825	-0.00261617
0.00383	-0.00422543
0.003835	-0.00454728
0.00384	-0.00390357
0.003845	-0.00422543
0.00385	-0.00358172
0.003855	-0.00165061
0.00386	-0.00261617
0.003865	-0.00261617
0.00387	-0.00293802
0.003875	-0.00261617
0.00388	-0.00165061
0.003885	-0.00390357
0.00389	-0.00132876
0.003895	-0.00197246
0.0039	-0.00390357
0.003905	-0.00100691
0.00391	-0.00197246
0.003915	-0.00293802
0.00392	-0.00261617
0.003925	-0.00229431
0.00393	-0.00229431
0.003935	-0.00293802
0.00394	-0.000363201
0.003945	-0.00165061
0.00395	-0.00261617
0.003955	-0.00197246
0.00396	-0.000685053
0.003965	-0.00100691
0.00397	0.000602356
0.003975	-0.00293802
0.00398	-0.00165061
0.003985	-4.13E-05
0.00399	-0.00165061
0.003995	-0.00132876
0.004	3.78336
0.004005	3.33534
0.00401	2.95104
0.004015	2.61631
0.00402	2.3231
0.004025	2.06594
0.00403	1.84064
0.004035	1.63851
0.00404	1.46085
0.004045	1.30346
0.00405	1.16571
0.004055	1.04147
0.00406	0.93301
0.004065	0.835166
0.00407	0.748588
0.004075	0.672309
0.00408	0.603754
0.004085	0.541315
0.00409	0.485634
0.004095	0.440253
0.0041	0.395837
0.004105	0.35818
0.00411	0.324708
0.004115	0.29381
0.00412	0.265809
0.004125	0.240382
0.00413	0.220106
0.004135	0.199185
0.00414	0.183093
0.004145	0.167
0.00415	0.155091
0.004155	0.143505
0.00416	0.131274
0.004165	0.121297
0.00417	0.112285
0.004175	0.104561
0.00418	0.0997328
0.004185	0.0916865
0.00419	0.0865369
0.004195	0.0800999
0.0042	0.0778469
0.004205	0.0726973
0.00421	0.0694787
0.004215	0.0662602
0.00422	0.0633635
0.004225	0.0620761
0.00423	0.0582139
0.004235	0.0549954
0.00424	0.0530643
0.004245	0.0517769
0.00425	0.051455
0.004255	0.0495239
0.00426	0.0498457
0.004265	0.0479146
0.00427	0.0482365
0.004275	0.0463054
0.00428	0.045018
0.004285	0.045018
0.00429	0.0421213
0.004295	0.0421213
0.0043	0.0430868
0.004305	0.0417994
0.00431	0.0414776
0.004315	0.0408339
0.00432	0.0395465
0.004325	0.0411557
0.00433	0.0408339
0.004335	0.0395465
0.00434	0.0395465
0.004345	0.0389028
0.00435	0.0398683
0.004355	0.0389028
0.00436	0.0379372
0.004365	0.0382591
0.00437	0.0392246
0.004375	0.0389028
0.00438	0.0398683
0.004385	0.0398683
0.00439	0.0385809
0.004395	0.0389028
0.0044	0.0372935
0.004405	0.0379372
0.00441	0.0392246
0.004415	0.0385809
0.00442	0.0382591
0.004425	0.0369717
0.00443	0.0379372
0.004435	0.0382591
0.00444	0.0395465
0.004445	0.0379372
0.00445	0.0360061
0.004455	0.0376154
0.00446	0.0379372
0.004465	0.0382591
0.00447	0.0382591
0.004475	0.0385809
0.00448	0.0379372
0.004485	0.0347187
0.00449	0.0385809
0.004495	0.0366498
0.0045	-3.78276
0.004505	-3.33635
0.00451	-2.94884
0.004515	-2.6138
0.00452	-2.31962
0.004525	-2.05925
0.00453	-1.83041
0.004535	-1.62539
0.00454	-1.44644
0.004545	-1.28423
0.00455	-1.14229
0.004555	-1.01709
0.00456	-0.906376
0.004565	-0.808211
0.00457	-0.71938
0.004575	-0.638917
0.00458	-0.570041
0.004585	-0.506958
0.00459	-0.452887
0.004595	-0.403322
0.0046	-0.358906
0.004605	-0.320284
0.00461	-0.285524
0.004615	-0.253983
0.00462	-0.227269
0.004625	-0.203774
0.00463	-0.181888
0.004635	-0.16322
0.00464	-0.145197
0.004645	-0.129426
0.00465	-0.115264
0.004655	-0.102068
0.00466	-0.0914474
0.004665	-0.0840448
0.00467	-0.0759985
0.004675	-0.0656992
0.00468	-0.0592621
0.004685	-0.053147
0.00469	-0.0499284
0.004695	-0.0457444
0.0047	-0.039951
0.004705	-0.033514
0.00471	-0.0325484
0.004715	-0.0280425
0.00472	-0.0251458
0.004725	-0.0222491
0.00473	-0.0190306
0.004735	-0.0177432
0.00474	-0.0164558
0.004745	-0.0158121
0.00475	-0.0148465
0.004755	-0.0125936
0.00476	-0.0125936
0.004765	-0.011628
0.00477	-0.00905321
0.004775	-0.0100188
0.00478	-0.00840951
0.004785	-0.00808765
0.00479	-0.00744395
0.004795	-0.00583469
0.0048	-0.00680024
0.004805	-0.0071221
0.00481	-0.00486913
0.004815	-0.00615654
0.00482	-0.00486913
0.004825	-0.00358172
0.00483	-0.00454728
0.004835	-0.00390357
0.00484	-0.00551284
0.004845	-0.00229431
0.00485	-0.00325987
0.004855	-0.00165061
0.00486	-0.00261617
0.004865	-0.00261617
0.00487	-0.00486913
0.004875	-0.000685053
0.00488	-0.00293802
0.004885	-0.00325987
0.00489	-0.00197246
0.004895	-0.00165061
0.0049	-0.00165061
0.004905	-0.00358172
0.00491	-0.00325987
0.004915	-0.00132876
0.00492	-0.00358172
0.004925	-0.000685053
0.00493	-4.13E-05
0.004935	-0.00293802
0.00494	-0.00293802
0.004945	-0.00165061
0.00495	-0.00165061
0.004955	-0.00229431
0.00496	-0.00100691
0.004965	-0.00197246
0.00497	-0.00165061
0.004975	-0.00165061
0.00498	-0.000685053
0.004985	-4.13E-05
0.00499	-0.00132876
0.004995	0.00124606