0	0.470829
5.00E-06	0.475657
1.00E-05	0.475978
1.50E-05	0.48145
2.00E-05	0.482415
2.50E-05	0.486278
3.00E-05	0.488531
3.50E-05	0.488853
4.00E-05	0.490462
4.50E-05	0.493037
5.00E-05	0.490784
5.50E-05	0.489496
6.00E-05	0.489818
6.50E-05	0.487565
7.00E-05	0.486278
7.50E-05	0.484025
8.00E-05	0.48145
8.50E-05	0.481772
9.00E-05	0.476622
9.50E-05	0.473404
1.00E-04	0.466967
0.000105	0.464392
0.00011	0.456667
0.000115	0.450552
0.00012	0.447012
0.000125	0.440253
0.00013	0.431885
0.000135	0.426091
0.00014	0.416758
0.000145	0.406458
0.00015	0.398412
0.000155	0.388756
0.00016	0.379423
0.000165	0.369123
0.00017	0.35979
0.000175	0.34949
0.00018	0.339835
0.000185	0.326639
0.00019	0.315374
0.000195	0.303465
0.0002	0.292522
0.000205	0.276108
0.00021	0.265809
0.000215	0.251647
0.00022	0.237486
0.000225	0.223324
0.00023	0.208197
0.000235	0.19307
0.00024	0.182449
0.000245	0.168287
0.00025	0.150586
0.000255	0.136424
0.00026	0.121297
0.000265	0.106492
0.00027	0.0903991
0.000275	0.0746284
0.00028	0.062398
0.000285	0.0424431
0.00029	0.0302128
0.000295	0.0131546
0.0003	-0.00325987
0.000305	-0.0193525
0.00031	-0.0351232
0.000315	-0.0492847
0.00032	-0.0637681
0.000325	-0.0788951
0.00033	-0.0937003
0.000335	-0.110115
0.00034	-0.125564
0.000345	-0.140691
0.00035	-0.152277
0.000355	-0.169336
0.00036	-0.183819
0.000365	-0.196049
0.00037	-0.211176
0.000375	-0.224372
0.00038	-0.239177
0.000385	-0.25173
0.00039	-0.264926
0.000395	-0.27619
0.0004	-0.289386
0.000405	-0.300651
0.00041	-0.311272
0.000415	-0.324146
0.00042	-0.335089
0.000425	-0.348285
0.00043	-0.359228
0.000435	-0.369206
0.00044	-0.378539
0.000445	-0.385298
0.00045	-0.395597
0.000455	-0.403966
0.00046	-0.413943
0.000465	-0.421989
0.00047	-0.430679
0.000475	-0.438726
0.00048	-0.443875
0.000485	-0.449669
0.00049	-0.456749
0.000495	-0.46029
0.0005	-0.466405
0.000505	-0.46898
0.00051	-0.473807
0.000515	-0.477026
0.00052	-0.477992
0.000525	-0.483463
0.00053	-0.483785
0.000535	-0.485716
0.00054	-0.488934
0.000545	-0.492153
0.00055	-0.489578
0.000555	-0.487969
0.00056	-0.489256
0.000565	-0.489256
0.00057	-0.487325
0.000575	-0.484107
0.00058	-0.480888
0.000585	-0.479923
0.00059	-0.475095
0.000595	-0.471233
0.0006	-0.467049
0.000605	-0.461577
0.00061	-0.455784
0.000615	-0.450634
0.00062	-0.445806
0.000625	-0.440335
0.00063	-0.432932
0.000635	-0.424242
0.00064	-0.414587
0.000645	-0.406219
0.00065	-0.398172
0.000655	-0.38916
0.00066	-0.377896
0.000665	-0.366309
0.00067	-0.359872
0.000675	-0.348929
0.00068	-0.338952
0.000685	-0.325112
0.00069	-0.315134
0.000695	-0.301617
0.0007	-0.288421
0.000705	-0.273616
0.00071	-0.266213
0.000715	-0.250764
0.00072	-0.232419
0.000725	-0.22051
0.00073	-0.208923
0.000735	-0.19444
0.00074	-0.180279
0.000745	-0.167404
0.00075	-0.150024
0.000755	-0.136185
0.00076	-0.119448
0.000765	-0.104965
0.00077	-0.087907
0.000775	-0.0731018
0.00078	-0.0582966
0.000785	-0.0425258
0.00079	-0.0280425
0.000795	-0.0125936
0.0008	0.00221162
0.000805	0.0176605
0.00081	0.0343968
0.000815	0.0495239
0.00082	0.0652947
0.000825	0.0794562
0.00083	0.0932958
0.000835	0.11132
0.00084	0.124194
0.000845	0.141252
0.00085	0.151873
0.000855	0.166678
0.00086	0.182127
0.000865	0.196932
0.00087	0.209484
0.000875	0.22268
0.00088	0.237486
0.000885	0.249716
0.00089	0.264843
0.000895	0.275464
0.0009	0.286407
0.000905	0.300247
0.00091	0.310546
0.000915	0.325351
0.00092	0.335007
0.000925	0.346272
0.00093	0.354962
0.000935	0.365905
0.00094	0.377492
0.000945	0.386182
0.00095	0.395193
0.000955	0.404527
0.00096	0.414183
0.000965	0.421263
0.00097	0.427379
0.000975	0.437034
0.00098	0.443471
0.000985	0.446046
0.00099	0.454414
0.000995	0.457633
0.001	0.463104
0.001005	0.466967
0.00101	0.471151
0.001015	0.474691
0.00102	0.47791
0.001025	0.483059
0.00103	0.483703
0.001035	0.48499
0.00104	0.4866
0.001045	0.491105
0.00105	0.489496
0.001055	0.486921
0.00106	0.489496
0.001065	0.487243
0.00107	0.4866
0.001075	0.483381
0.00108	0.479841
0.001085	0.480484
0.00109	0.475657
0.001095	0.471472
0.0011	0.46761
0.001105	0.462139
0.00111	0.455058
0.001115	0.452483
0.00112	0.444759
0.001125	0.438
0.00113	0.432528
0.001135	0.424804
0.00114	0.417723
0.001145	0.407102
0.00115	0.400021
0.001155	0.3894
0.00116	0.378779
0.001165	0.369123
0.00117	0.359146
0.001175	0.349812
0.00118	0.340478
0.001185	0.324386
0.00119	0.314408
0.001195	0.301856
0.0012	0.290913
0.001205	0.275786
0.00121	0.265809
0.001215	0.253256
0.00122	0.237486
0.001225	0.223968
0.00123	0.208197
0.001235	0.195645
0.00124	0.182127
0.001245	0.168931
0.00125	0.150907
0.001255	0.13739
0.00126	0.12001
0.001265	0.10617
0.00127	0.0897554
0.001275	0.0720536
0.00128	0.0611106
0.001285	0.042765
0.00129	0.0289254
0.001295	0.0154076
0.0013	-0.00165061
0.001305	-0.0180651
0.00131	-0.0341577
0.001315	-0.0496066
0.00132	-0.0640899
0.001325	-0.0808262
0.00133	-0.0924129
0.001335	-0.11269
0.00134	-0.127495
0.001345	-0.140369
0.00135	-0.152599
0.001355	-0.168048
0.00136	-0.181888
0.001365	-0.197015
0.00137	-0.210533
0.001375	-0.224372
0.00138	-0.238534
0.001385	-0.25173
0.00139	-0.264604
0.001395	-0.275547
0.0014	-0.287133
0.001405	-0.301295
0.00141	-0.311272
0.001415	-0.323503
0.00142	-0.335733
0.001425	-0.348285
0.00143	-0.356975
0.001435	-0.36824
0.00144	-0.378217
0.001445	-0.384976
0.00145	-0.397529
0.001455	-0.404931
0.00146	-0.412977
0.001465	-0.422633
0.00147	-0.429392
0.001475	-0.438726
0.00148	-0.443232
0.001485	-0.449669
0.00149	-0.45514
0.001495	-0.459646
0.0015	-0.465439
0.001505	-0.46898
0.00151	-0.472198
0.001515	-0.476382
0.00152	-0.479923
0.001525	-0.48475
0.00153	-0.485394
0.001535	-0.484429
0.00154	-0.488613
0.001545	-0.491187
0.00155	-0.490544
0.001555	-0.489256
0.00156	-0.488613
0.001565	-0.487003
0.00157	-0.487003
0.001575	-0.483463
0.00158	-0.481854
0.001585	-0.479601
0.00159	-0.47606
0.001595	-0.473807
0.0016	-0.465117
0.001605	-0.460933
0.00161	-0.456106
0.001615	-0.450634
0.00162	-0.445163
0.001625	-0.440013
0.00163	-0.432289
0.001635	-0.422955
0.00164	-0.414909
0.001645	-0.406219
0.00165	-0.39785
0.001655	-0.386264
0.00166	-0.377252
0.001665	-0.367596
0.00167	-0.358906
0.001675	-0.350216
0.00168	-0.338952
0.001685	-0.324468
0.00169	-0.314491
0.001695	-0.301295
0.0017	-0.288743
0.001705	-0.275547
0.00171	-0.264604
0.001715	-0.252052
0.00172	-0.236603
0.001725	-0.223407
0.00173	-0.206349
0.001735	-0.19444
0.00174	-0.178026
0.001745	-0.167726
0.00175	-0.149059
0.001755	-0.134897
0.00176	-0.11977
0.001765	-0.106253
0.00177	-0.0898381
0.001775	-0.0721362
0.00178	-0.0599059
0.001785	-0.0418821
0.00179	-0.0302955
0.001795	-0.0113062
0.0018	0.00543014
0.001805	0.0176605
0.00181	0.0372935
0.001815	0.0488802
0.00182	0.0636854
0.001825	0.0794562
0.00183	0.0939395
0.001835	0.112607
0.00184	0.126447
0.001845	0.141252
0.00185	0.152195
0.001855	0.167322
0.00186	0.182127
0.001865	0.19822
0.00187	0.210128
0.001875	0.224612
0.00188	0.237808
0.001885	0.251325
0.00189	0.264521
0.001895	0.274821
0.0019	0.287051
0.001905	0.299925
0.00191	0.310224
0.001915	0.323742
0.00192	0.335329
0.001925	0.345628
0.00193	0.356249
0.001935	0.36687
0.00194	0.376848
0.001945	0.385216
0.00195	0.396159
0.001955	0.402918
0.00196	0.413217
0.001965	0.420942
0.00197	0.428666
0.001975	0.435747
0.00198	0.444759
0.001985	0.446368
0.00199	0.454414
0.001995	0.457955
0.002	0.464392
0.002005	0.468576
0.00201	0.469863
0.002015	0.475978
0.00202	0.478875
0.002025	0.483381
0.00203	0.483381
0.002035	0.484668
0.00204	0.487565
0.002045	0.489496
0.00205	0.488531
0.002055	0.487243
0.00206	0.488209
0.002065	0.486278
0.00207	0.486278
0.002075	0.48145
0.00208	0.479841
0.002085	0.479841
0.00209	0.475013
0.002095	0.471151
0.0021	0.465679
0.002105	0.461817
0.00211	0.456024
0.002115	0.452161
0.00212	0.445402
0.002125	0.439931
0.00213	0.433172
0.002135	0.422873
0.00214	0.415792
0.002145	0.406136
0.00215	0.39809
0.002155	0.387147
0.00216	0.379423
0.002165	0.369123
0.00217	0.360433
0.002175	0.350134
0.00218	0.340478
0.002185	0.325673
0.00219	0.316018
0.002195	0.303465
0.0022	0.291235
0.002205	0.278683
0.00221	0.26259
0.002215	0.253256
0.00222	0.238451
0.002225	0.223002
0.00223	0.209484
0.002235	0.195645
0.00224	0.182127
0.002245	0.167
0.00225	0.151873
0.002255	0.136102
0.00226	0.120331
0.002265	0.10617
0.00227	0.0891117
0.002275	0.0749502
0.00228	0.0611106
0.002285	0.0430868
0.00229	0.0276379
0.002295	0.0131546
0.0023	-0.00454728
0.002305	-0.0174214
0.00231	-0.0354451
0.002315	-0.0492847
0.00232	-0.0634462
0.002325	-0.0779296
0.00233	-0.0927348
0.002335	-0.111402
0.00234	-0.126529
0.002345	-0.140691
0.00235	-0.152599
0.002355	-0.167083
0.00236	-0.181888
0.002365	-0.197337
0.00237	-0.210854
0.002375	-0.223085
0.00238	-0.238212
0.002385	-0.25012
0.00239	-0.264282
0.002395	-0.275225
0.0024	-0.288421
0.002405	-0.300651
0.00241	-0.312238
0.002415	-0.323824
0.00242	-0.33702
0.002425	-0.348607
0.00243	-0.355688
0.002435	-0.367918
0.00244	-0.377574
0.002445	-0.386586
0.00245	-0.395919
0.002455	-0.405575
0.00246	-0.413621
0.002465	-0.424242
0.00247	-0.431001
0.002475	-0.43776
0.00248	-0.443553
0.002485	-0.449347
0.00249	-0.456749
0.002495	-0.459324
0.0025	-0.465439
0.002505	-0.470911
0.00251	-0.473164
0.002515	-0.477992
0.00252	-0.479923
0.002525	-0.484429
0.00253	-0.484429
0.002535	-0.486038
0.00254	-0.487647
0.002545	-0.491509
0.00255	-0.488934
0.002555	-0.487647
0.00256	-0.490222
0.002565	-0.487969
0.00257	-0.487969
0.002575	-0.483141
0.00258	-0.48121
0.002585	-0.477348
0.00259	-0.476704
0.002595	-0.471233
0.0026	-0.466405
0.002605	-0.461255
0.00261	-0.455784
0.002615	-0.450634
0.00262	-0.444197
0.002625	-0.439369
0.00263	-0.433254
0.002635	-0.420058
0.00264	-0.414909
0.002645	-0.404609
0.00265	-0.39946
0.002655	-0.387873
0.00266	-0.379827
0.002665	-0.369206
0.00267	-0.358585
0.002675	-0.348607
0.00268	-0.337664
0.002685	-0.323824
0.00269	-0.314813
0.002695	-0.301617
0.0027	-0.289064
0.002705	-0.276512
0.00271	-0.264282
0.002715	-0.252695
0.00272	-0.236603
0.002725	-0.223407
0.00273	-0.205705
0.002735	-0.192831
0.00274	-0.180279
0.002745	-0.166439
0.00275	-0.148737
0.002755	-0.135863
0.00276	-0.119448
0.002765	-0.105609
0.00277	-0.0885507
0.002775	-0.0734236
0.00278	-0.0592621
0.002785	-0.0428477
0.00279	-0.0273988
0.002795	-0.0132373
0.0028	0.00414273
0.002805	0.0179824
0.00281	0.0360061
0.002815	0.0511332
0.00282	0.0643291
0.002825	0.0807436
0.00283	0.0942614
0.002835	0.112285
0.00284	0.125159
0.002845	0.139321
0.00285	0.15316
0.002855	0.168609
0.00286	0.181161
0.002865	0.197898
0.00287	0.21045
0.002875	0.22268
0.00288	0.238129
0.002885	0.249716
0.00289	0.263878
0.002895	0.275786
0.0029	0.288016
0.002905	0.299281
0.00291	0.311834
0.002915	0.322455
0.00292	0.333076
0.002925	0.345628
0.00293	0.353996
0.002935	0.367514
0.00294	0.378457
0.002945	0.386825
0.00295	0.395515
0.002955	0.404205
0.00296	0.413861
0.002965	0.421263
0.00297	0.430275
0.002975	0.437034
0.00298	0.443793
0.002985	0.447334
0.00299	0.45538
0.002995	0.457633
0.003	0.466001
0.003005	0.467932
0.00301	0.470829
0.003015	0.476944
0.00302	0.475978
0.003025	0.483381
0.00303	0.484668
0.003035	0.484347
0.00304	0.487243
0.003045	0.488853
0.00305	0.488853
0.003055	0.49014
0.00306	0.490784
0.003065	0.486921
0.00307	0.4866
0.003075	0.482415
0.00308	0.479519
0.003085	0.480806
0.00309	0.475013
0.003095	0.472438
0.0031	0.466967
0.003105	0.462782
0.00311	0.455058
0.003115	0.452805
0.00312	0.446046
0.003125	0.440896
0.00313	0.432206
0.003135	0.423195
0.00314	0.417401
0.003145	0.407102
0.00315	0.398412
0.003155	0.388113
0.00316	0.378779
0.003165	0.371054
0.00317	0.361077
0.003175	0.34949
0.00318	0.340157
0.003185	0.325673
0.00319	0.31634
0.003195	0.303787
0.0032	0.290269
0.003205	0.276752
0.00321	0.263878
0.003215	0.251969
0.00322	0.237486
0.003225	0.223968
0.00323	0.208197
0.003235	0.193714
0.00324	0.182127
0.003245	0.168931
0.00325	0.149942
0.003255	0.135458
0.00326	0.120653
0.003265	0.10617
0.00327	0.0900773
0.003275	0.0739847
0.00328	0.0614324
0.003285	0.0421213
0.00329	0.0282816
0.003295	0.0137983
0.0033	-0.00132876
0.003305	-0.0164558
0.00331	-0.0348014
0.003315	-0.0492847
0.00332	-0.0640899
0.003325	-0.0795388
0.00333	-0.0940222
0.003335	-0.110758
0.00334	-0.126529
0.003345	-0.140691
0.00335	-0.153565
0.003355	-0.167404
0.00336	-0.181566
0.003365	-0.19798
0.00337	-0.209889
0.003375	-0.224372
0.00338	-0.239499
0.003385	-0.253017
0.00339	-0.265247
0.003395	-0.275225
0.0034	-0.288421
0.003405	-0.301617
0.00341	-0.311272
0.003415	-0.322537
0.00342	-0.336377
0.003425	-0.34732
0.00343	-0.356975
0.003435	-0.367275
0.00344	-0.376608
0.003445	-0.385942
0.00345	-0.396563
0.003455	-0.406219
0.00346	-0.414909
0.003465	-0.422311
0.00347	-0.428104
0.003475	-0.436794
0.00348	-0.443875
0.003485	-0.449669
0.00349	-0.458037
0.003495	-0.46029
0.0035	-0.466727
0.003505	-0.470267
0.00351	-0.470911
0.003515	-0.47606
0.00352	-0.478635
0.003525	-0.483785
0.00353	-0.486038
0.003535	-0.485394
0.00354	-0.486682
0.003545	-0.490866
0.00355	-0.489256
0.003555	-0.488934
0.00356	-0.489256
0.003565	-0.487325
0.00357	-0.486682
0.003575	-0.482497
0.00358	-0.480888
0.003585	-0.480566
0.00359	-0.47606
0.003595	-0.471876
0.0036	-0.464796
0.003605	-0.462864
0.00361	-0.458037
0.003615	-0.449347
0.00362	-0.445163
0.003625	-0.440013
0.00363	-0.428748
0.003635	-0.42392
0.00364	-0.41684
0.003645	-0.404931
0.00365	-0.397529
0.003655	-0.385298
0.00366	-0.379183
0.003665	-0.367596
0.00367	-0.358263
0.003675	-0.348285
0.00368	-0.339917
0.003685	-0.323503
0.00369	-0.313847
0.003695	-0.303226
0.0037	-0.29003
0.003705	-0.274903
0.00371	-0.263638
0.003715	-0.25012
0.00372	-0.23435
0.003725	-0.223085
0.00373	-0.20667
0.003735	-0.191865
0.00374	-0.1806
0.003745	-0.167083
0.00375	-0.14745
0.003755	-0.134897
0.00376	-0.119448
0.003765	-0.105287
0.00377	-0.0885507
0.003775	-0.0702051
0.00378	-0.0592621
0.003785	-0.0396292
0.00379	-0.0280425
0.003795	-0.0129154
0.0038	0.00285532
0.003805	0.0183042
0.00381	0.0353624
0.003815	0.051455
0.00382	0.0659384
0.003825	0.0807436
0.00383	0.0939395
0.003835	0.112929
0.00384	0.124515
0.003845	0.138999
0.00385	0.154126
0.003855	0.168609
0.00386	0.181483
0.003865	0.197254
0.00387	0.212381
0.003875	0.222037
0.00388	0.236198
0.003885	0.250038
0.00389	0.264843
0.003895	0.274499
0.0039	0.289626
0.003905	0.300247
0.00391	0.310868
0.003915	0.32342
0.00392	0.335973
0.003925	0.345628
0.00393	0.353353
0.003935	0.366549
0.00394	0.378779
0.003945	0.384894
0.00395	0.395193
0.003955	0.405171
0.00396	0.411608
0.003965	0.421907
0.00397	0.428666
0.003975	0.436391
0.00398	0.443793
0.003985	0.447977
0.00399	0.455702
0.003995	0.458598
0.004	0.464714
0.004005	0.471151
0.00401	0.471472
0.004015	0.475335
0.00402	0.476944
0.004025	0.483703
0.00403	0.483381
0.004035	0.484668
0.00404	0.485312
0.004045	0.489174
0.00405	0.487243
0.004055	0.487243
0.00406	0.488531
0.004065	0.487565
0.00407	0.484347
0.004075	0.482094
0.00408	0.481128
0.004085	0.480484
0.00409	0.475978
0.004095	0.472438
0.0041	0.465679
0.004105	0.461173
0.00411	0.456989
0.004115	0.451518
0.00412	0.445081
0.004125	0.439609
0.00413	0.42931
0.004135	0.425769
0.00414	0.417401
0.004145	0.407424
0.00415	0.399056
0.004155	0.387791
0.00416	0.380066
0.004165	0.369767
0.00417	0.360433
0.004175	0.352065
0.00418	0.338869
0.004185	0.326639
0.00419	0.315696
0.004195	0.303144
0.0042	0.290591
0.004205	0.277717
0.00421	0.26259
0.004215	0.25036
0.00422	0.237164
0.004225	0.222037
0.00423	0.208841
0.004235	0.19307
0.00424	0.182127
0.004245	0.167
0.00425	0.151229
0.004255	0.138033
0.00426	0.121619
0.004265	0.105204
0.00427	0.0871806
0.004275	0.0736628
0.00428	0.0611106
0.004285	0.0434087
0.00429	0.0292472
0.004295	0.0128327
0.0043	-0.00261617
0.004305	-0.0164558
0.00431	-0.033514
0.004315	-0.050894
0.00432	-0.0631244
0.004325	-0.0779296
0.00433	-0.0937003
0.004335	-0.112368
0.00434	-0.125564
0.004345	-0.141978
0.00435	-0.153243
0.004355	-0.168048
0.00436	-0.182531
0.004365	-0.196049
0.00437	-0.21182
0.004375	-0.22405
0.00438	-0.238856
0.004385	-0.253339
0.00439	-0.264282
0.004395	-0.275225
0.0044	-0.289386
0.004405	-0.300651
0.00441	-0.31256
0.004415	-0.322859
0.00442	-0.337664
0.004425	-0.346998
0.00443	-0.356332
0.004435	-0.367918
0.00444	-0.378217
0.004445	-0.387551
0.00445	-0.396885
0.004455	-0.406219
0.00446	-0.41523
0.004465	-0.423277
0.00447	-0.430679
0.004475	-0.438726
0.00448	-0.44291
0.004485	-0.450634
0.00449	-0.457393
0.004495	-0.461255
0.0045	-0.465761
0.004505	-0.469623
0.00451	-0.47252
0.004515	-0.478957
0.00452	-0.478635
0.004525	-0.484107
0.00453	-0.484429
0.004535	-0.487325
0.00454	-0.485394
0.004545	-0.490222
0.00455	-0.488291
0.004555	-0.488934
0.00456	-0.491187
0.004565	-0.487003
0.00457	-0.485716
0.004575	-0.483785
0.00458	-0.480566
0.004585	-0.478957
0.00459	-0.476382
0.004595	-0.470911
0.0046	-0.464796
0.004605	-0.461255
0.00461	-0.456106
0.004615	-0.450956
0.00462	-0.446772
0.004625	-0.438404
0.00463	-0.430357
0.004635	-0.42392
0.00464	-0.417162
0.004645	-0.404287
0.00465	-0.397207
0.004655	-0.388517
0.00466	-0.378217
0.004665	-0.368884
0.00467	-0.358263
0.004675	-0.349895
0.00468	-0.339273
0.004685	-0.323503
0.00469	-0.314491
0.004695	-0.30226
0.0047	-0.289386
0.004705	-0.277156
0.00471	-0.264604
0.004715	-0.25012
0.00472	-0.235959
0.004725	-0.223729
0.00473	-0.207636
0.004735	-0.191865
0.00474	-0.1806
0.004745	-0.167083
0.00475	-0.14745
0.004755	-0.136507
0.00476	-0.119127
0.004765	-0.104643
0.00477	-0.0882288
0.004775	-0.0734236
0.00478	-0.0599059
0.004785	-0.0402729
0.00479	-0.0283643
0.004795	-0.0148465
0.0048	0.00253347
0.004805	0.0186261
0.00481	0.0356842
0.004815	0.0511332
0.00482	0.0649728
0.004825	0.0794562
0.00483	0.0945832
0.004835	0.112929
0.00484	0.124837
0.004845	0.143505
0.00485	0.153482
0.004855	0.167322
0.00486	0.181161
0.004865	0.198542
0.00487	0.211737
0.004875	0.22268
0.00488	0.236842
0.004885	0.251969
0.00489	0.264843
0.004895	0.27643
0.0049	0.287373
0.004905	0.299281
0.00491	0.310546
0.004915	0.323098
0.00492	0.334041
0.004925	0.345306
0.00493	0.353996
0.004935	0.365905
0.00494	0.378457
0.004945	0.386503
0.00495	0.39455
0.004955	0.403883
0.00496	0.411608
0.004965	0.421907
0.00497	0.427057
0.004975	0.437356
0.00498	0.442506
0.004985	0.449586
0.00499	0.454414
0.004995	0.460529
0.005	0.465357
0.005005	0.468576
0.00501	0.471151
0.005015	0.475335
0.00502	0.477266
0.005025	0.483703
0.00503	0.484668
0.005035	0.485634
0.00504	0.485956
0.005045	0.489174
0.00505	0.486921
0.005055	0.490462
0.00506	0.49014
0.005065	0.488531
0.00507	0.486278
0.005075	0.483381
0.00508	0.480163
0.005085	0.479519
0.00509	0.476622
0.005095	0.471794
0.0051	0.466323
0.005105	0.462139
0.00511	0.456024
0.005115	0.451518
0.00512	0.444437
0.005125	0.440253
0.00513	0.432206
0.005135	0.425126
0.00514	0.416436
0.005145	0.406136
0.00515	0.398734
0.005155	0.38586
0.00516	0.379101
0.005165	0.367836
0.00517	0.359146
0.005175	0.349812
0.00518	0.339191
0.005185	0.32503
0.00519	0.314408
0.005195	0.304431
0.0052	0.290913
0.005205	0.277074
0.00521	0.264521
0.005215	0.250682
0.00522	0.236198
0.005225	0.225255
0.00523	0.210128
0.005235	0.194036
0.00524	0.181483
0.005245	0.168931
0.00525	0.151551
0.005255	0.136424
0.00526	0.119688
0.005265	0.104882
0.00527	0.0894336
0.005275	0.0743065
0.00528	0.0620761
0.005285	0.0421213
0.00529	0.0282816
0.005295	0.0131546
0.0053	-0.00390357
0.005305	-0.0183869
0.00531	-0.0373762
0.005315	-0.0502503
0.00532	-0.0650555
0.005325	-0.0785733
0.00533	-0.094344
0.005335	-0.11269
0.00534	-0.126851
0.005345	-0.141978
0.00535	-0.152599
0.005355	-0.167404
0.00536	-0.181888
0.005365	-0.197659
0.00537	-0.21182
0.005375	-0.221154
0.00538	-0.23789
0.005385	-0.251408
0.00539	-0.263316
0.005395	-0.276834
0.0054	-0.288421
0.005405	-0.300651
0.00541	-0.313203
0.005415	-0.322215
0.00542	-0.337342
0.005425	-0.346032
0.00543	-0.357941
0.005435	-0.366953
0.00544	-0.378217
0.005445	-0.386907
0.00545	-0.397207
0.005455	-0.406862
0.00546	-0.412977
0.005465	-0.422955
0.00547	-0.429392
0.005475	-0.437116
0.00548	-0.442588
0.005485	-0.44999
0.00549	-0.456427
0.005495	-0.459968
0.0055	-0.466727
0.005505	-0.469302
0.00551	-0.472198
0.005515	-0.475739
0.00552	-0.478957
0.005525	-0.485716
0.00553	-0.485394
0.005535	-0.48636
0.00554	-0.483463
0.005545	-0.490544
0.00555	-0.489578
0.005555	-0.488613
0.00556	-0.488613
0.005565	-0.487969
0.00557	-0.48475
0.005575	-0.483141
0.00558	-0.480566
0.005585	-0.479279
0.00559	-0.477348
0.005595	-0.471876
0.0056	-0.464152
0.005605	-0.462221
0.00561	-0.455784
0.005615	-0.451278
0.00562	-0.443553
0.005625	-0.439369
0.00563	-0.430357
0.005635	-0.420058
0.00564	-0.417162
0.005645	-0.405253
0.00565	-0.396241
0.005655	-0.387551
0.00566	-0.379183
0.005665	-0.367275
0.00567	-0.357941
0.005675	-0.349573
0.00568	-0.33863
0.005685	-0.324468
0.00569	-0.31256
0.005695	-0.301939
0.0057	-0.289708
0.005705	-0.27619
0.00571	-0.262351
0.005715	-0.250442
0.00572	-0.235637
0.005725	-0.222441
0.00573	-0.206992
0.005735	-0.194118
0.00574	-0.179313
0.005745	-0.168048
0.00575	-0.150668
0.005755	-0.136829
0.00576	-0.118805
0.005765	-0.103356
0.00577	-0.0888725
0.005775	-0.0718144
0.00578	-0.0599059
0.005785	-0.039951
0.00579	-0.0286862
0.005795	-0.0109843
0.0058	0.00156791
0.005805	0.0186261
0.00581	0.0369717
0.005815	0.051455
0.00582	0.0630417
0.005825	0.0788124
0.00583	0.0952269
0.005835	0.111641
0.00584	0.12709
0.005845	0.140286
0.00585	0.15477
0.005855	0.167966
0.00586	0.182127
0.005865	0.197576
0.00587	0.21045
0.005875	0.222359
0.00588	0.237486
0.005885	0.251003
0.00589	0.263878
0.005895	0.274499
0.0059	0.288016
0.005905	0.300891
0.00591	0.310546
0.005915	0.324064
0.00592	0.336938
0.005925	0.344984
0.00593	0.354962
0.005935	0.364939
0.00594	0.379423
0.005945	0.387147
0.00595	0.394872
0.005955	0.404527
0.00596	0.413217
0.005965	0.423195
0.00597	0.42931
0.005975	0.435747
0.00598	0.442828
0.005985	0.448621
0.00599	0.456024
0.005995	0.458277
0.006	0.465679
0.006005	0.469863
0.00601	0.470507
0.006015	0.477266
0.00602	0.477588
0.006025	0.483381
0.00603	0.48499
0.006035	0.485956
0.00604	0.485956
0.006045	0.489174
0.00605	0.488531
0.006055	0.488531
0.00606	0.489496
0.006065	0.4866
0.00607	0.485956
0.006075	0.483059
0.00608	0.480163
0.006085	0.480806
0.00609	0.4763
0.006095	0.47276
0.0061	0.465035
0.006105	0.461817
0.00611	0.457311
0.006115	0.452161
0.00612	0.445081
0.006125	0.438322
0.00613	0.428666
0.006135	0.422229
0.00614	0.416758
0.006145	0.407102
0.00615	0.396803
0.006155	0.386825
0.00616	0.379423
0.006165	0.369767
0.00617	0.35979
0.006175	0.3511
0.00618	0.339513
0.006185	0.324386
0.00619	0.315052
0.006195	0.303787
0.0062	0.291879
0.006205	0.277395
0.00621	0.263556
0.006215	0.253256
0.00622	0.23652
0.006225	0.222359
0.00623	0.209806
0.006235	0.193714
0.00624	0.182771
0.006245	0.167
0.00625	0.151229
0.006255	0.136746
0.00626	0.120653
0.006265	0.105526
0.00627	0.088468
0.006275	0.0759158
0.00628	0.0614324
0.006285	0.0434087
0.00629	0.0286035
0.006295	0.0125109
0.0063	-0.00325987
0.006305	-0.0187088
0.00631	-0.0331921
0.006315	-0.0492847
0.00632	-0.0644118
0.006325	-0.0798607
0.00633	-0.096597
0.006335	-0.112368
0.00634	-0.126851
0.006345	-0.141334
0.00635	-0.15614
0.006355	-0.167404
0.00636	-0.181566
0.006365	-0.195727
0.00637	-0.213429
0.006375	-0.223085
0.00638	-0.236281
0.006385	-0.252373
0.00639	-0.264926
0.006395	-0.274903
0.0064	-0.289064
0.006405	-0.300329
0.00641	-0.313525
0.006415	-0.323503
0.00642	-0.337342
0.006425	-0.346998
0.00643	-0.357297
0.006435	-0.366631
0.00644	-0.379827
0.006445	-0.387873
0.00645	-0.396241
0.006455	-0.40815
0.00646	-0.412012
0.006465	-0.422955
0.00647	-0.429392
0.006475	-0.436151
0.00648	-0.444519
0.006485	-0.449669
0.00649	-0.458359
0.006495	-0.46029
0.0065	-0.466727
0.006505	-0.470911
0.00651	-0.472842
0.006515	-0.47767
0.00652	-0.478313
0.006525	-0.485716
0.00653	-0.487003
0.006535	-0.485072
0.00654	-0.48636
0.006545	-0.489256
0.00655	-0.489578
0.006555	-0.489256
0.00656	-0.488291
0.006565	-0.488613
0.00657	-0.486682
0.006575	-0.484107
0.00658	-0.480566
0.006585	-0.479601
0.00659	-0.477026
0.006595	-0.47252
0.0066	-0.464474
0.006605	-0.461899
0.00661	-0.456427
0.006615	-0.4516
0.00662	-0.443553
0.006625	-0.438404
0.00663	-0.429714
0.006635	-0.422311
0.00664	-0.418127
0.006645	-0.405897
0.00665	-0.396563
0.006655	-0.386586
0.00666	-0.377896
0.006665	-0.369206
0.00667	-0.358585
0.006675	-0.348285
0.00668	-0.337342
0.006685	-0.325112
0.00669	-0.314169
0.006695	-0.301939
0.0067	-0.289064
0.006705	-0.275869
0.00671	-0.265247
0.006715	-0.250764
0.00672	-0.234993
0.006725	-0.221797
0.00673	-0.207958
0.006735	-0.192187
0.00674	-0.1806
0.006745	-0.165473
0.00675	-0.150668
0.006755	-0.135541
0.00676	-0.118161
0.006765	-0.104965
0.00677	-0.0875851
0.006775	-0.0721362
0.00678	-0.0599059
0.006785	-0.0415603
0.00679	-0.0283643
0.006795	-0.0113062
0.0068	0.00478643
0.006805	0.0176605
0.00681	0.0353624
0.006815	0.0520987
0.00682	0.0636854
0.006825	0.0813873
0.00683	0.0961925
0.006835	0.112607
0.00684	0.125803
0.006845	0.139964
0.00685	0.153804
0.006855	0.168287
0.00686	0.182127
0.006865	0.197576
0.00687	0.213669
0.006875	0.223002
0.00688	0.237808
0.006885	0.251003
0.00689	0.261946
0.006895	0.275142
0.0069	0.288982
0.006905	0.298959
0.00691	0.311512
0.006915	0.321811
0.00692	0.336616
0.006925	0.344663
0.00693	0.353674
0.006935	0.365261
0.00694	0.38071
0.006945	0.385538
0.00695	0.397125
0.006955	0.406136
0.00696	0.415792
0.006965	0.422873
0.00697	0.427701
0.006975	0.434138
0.00698	0.443471
0.006985	0.447977
0.00699	0.455702
0.006995	0.458277
0.007	0.465357
0.007005	0.470185
0.00701	0.471151
0.007015	0.475978
0.00702	0.478553
0.007025	0.483703
0.00703	0.484668
0.007035	0.486278
0.00704	0.485634
0.007045	0.485634
0.00705	0.488209
0.007055	0.489496
0.00706	0.488531
0.007065	0.487887
0.00707	0.485312
0.007075	0.484025
0.00708	0.48145
0.007085	0.480806
0.00709	0.475657
0.007095	0.472116
0.0071	0.463748
0.007105	0.462461
0.00711	0.456345
0.007115	0.451196
0.00712	0.442828
0.007125	0.437678
0.00713	0.431563
0.007135	0.423516
0.00714	0.417079
0.007145	0.40678
0.00715	0.397125
0.007155	0.388434
0.00716	0.380066
0.007165	0.369445
0.00717	0.358824
0.007175	0.3511
0.00718	0.338547
0.007185	0.325995
0.00719	0.315052
0.007195	0.304109
0.0072	0.290591
0.007205	0.279648
0.00721	0.262912
0.007215	0.251325
0.00722	0.236842
0.007225	0.223324
0.00723	0.211416
0.007235	0.193392
0.00724	0.18084
0.007245	0.167322
0.00725	0.151229
0.007255	0.135458
0.00726	0.12001
0.007265	0.104882
0.00727	0.0887899
0.007275	0.0739847
0.00728	0.0591795
0.007285	0.0414776
0.00729	0.0289254
0.007295	0.0109016
0.0073	-0.00132876
0.007305	-0.0167777
0.00731	-0.0344795
0.007315	-0.0492847
0.00732	-0.0628025
0.007325	-0.0805044
0.00733	-0.0940222
0.007335	-0.111724
0.00734	-0.125886
0.007345	-0.141656
0.00735	-0.154852
0.007355	-0.168692
0.00736	-0.181244
0.007365	-0.196371
0.00737	-0.211498
0.007375	-0.224694
0.00738	-0.23789
0.007385	-0.252052
0.00739	-0.263316
0.007395	-0.274581
0.0074	-0.289064
0.007405	-0.300973
0.00741	-0.312882
0.007415	-0.323503
0.00742	-0.336377
0.007425	-0.348285
0.00743	-0.35601
0.007435	-0.365665
0.00744	-0.380792
0.007445	-0.387873
0.00745	-0.397529
0.007455	-0.406862
0.00746	-0.415552
0.007465	-0.423277
0.00747	-0.430036
0.007475	-0.435507
0.00748	-0.443553
0.007485	-0.450634
0.00749	-0.457071
0.007495	-0.460612
0.0075	-0.465761
0.007505	-0.469623
0.00751	-0.473486
0.007515	-0.47767
0.00752	-0.478957
0.007525	-0.483785
0.00753	-0.486682
0.007535	-0.48636
0.00754	-0.486038
0.007545	-0.489578
0.00755	-0.490544
0.007555	-0.488613
0.00756	-0.488613
0.007565	-0.4899
0.00757	-0.486682
0.007575	-0.482497
0.00758	-0.480566
0.007585	-0.47767
0.00759	-0.474451
0.007595	-0.473486
0.0076	-0.464796
0.007605	-0.462543
0.00761	-0.458037
0.007615	-0.451922
0.00762	-0.442588
0.007625	-0.43776
0.00763	-0.431323
0.007635	-0.422311
0.00764	-0.416518
0.007645	-0.408472
0.00765	-0.397207
0.007655	-0.388839
0.00766	-0.381436
0.007665	-0.366631
0.00767	-0.356975
0.007675	-0.346676
0.00768	-0.33702
0.007685	-0.323503
0.00769	-0.315134
0.007695	-0.301939
0.0077	-0.289386
0.007705	-0.278443
0.00771	-0.262029
0.007715	-0.249799
0.00772	-0.235637
0.007725	-0.222441
0.00773	-0.20828
0.007735	-0.1909
0.00774	-0.180922
0.007745	-0.166117
0.00775	-0.148737
0.007755	-0.134897
0.00776	-0.118483
0.007765	-0.104965
0.00777	-0.0882288
0.007775	-0.0711707
0.00778	-0.0599059
0.007785	-0.0412384
0.00779	-0.0293299
0.007795	-0.0106625
0.0078	0.00446458
0.007805	0.0183042
0.00781	0.0347187
0.007815	0.0498457
0.00782	0.0643291
0.007825	0.0823528
0.00783	0.0965143
0.007835	0.112607
0.00784	0.125159
0.007845	0.140608
0.00785	0.154126
0.007855	0.167966
0.00786	0.181161
0.007865	0.196289
0.00787	0.212059
0.007875	0.22268
0.00788	0.236198
0.007885	0.250038
0.00789	0.263234
0.007895	0.274499
0.0079	0.287373
0.007905	0.300569
0.00791	0.312477
0.007915	0.321811
0.00792	0.336938
0.007925	0.343375
0.00793	0.356571
0.007935	0.365583
0.00794	0.377492
0.007945	0.386182
0.00795	0.396159
0.007955	0.405171
0.00796	0.414183
0.007965	0.422229
0.00797	0.428022
0.007975	0.435103
0.00798	0.443471
0.007985	0.447977
0.00799	0.454092
0.007995	0.45892
0.008	0.465357
0.008005	0.469863
0.00801	0.471151
0.008015	0.475013
0.00802	0.478553
0.008025	0.483381
0.00803	0.484668
0.008035	0.484025
0.00804	0.4866
0.008045	0.488853
0.00805	0.487887
0.008055	0.488209
0.00806	0.489818
0.008065	0.486278
0.00807	0.484025
0.008075	0.481772
0.00808	0.479519
0.008085	0.479519
0.00809	0.476944
0.008095	0.47276
0.0081	0.465679
0.008105	0.461817
0.00811	0.458598
0.008115	0.453127
0.00812	0.444437
0.008125	0.439609
0.00813	0.431241
0.008135	0.422551
0.00814	0.417401
0.008145	0.407102
0.00815	0.395837
0.008155	0.388756
0.00816	0.380388
0.008165	0.369123
0.00817	0.358824
0.008175	0.350456
0.00818	0.337582
0.008185	0.324386
0.00819	0.315052
0.008195	0.302822
0.0082	0.290913
0.008205	0.278361
0.00821	0.264199
0.008215	0.250682
0.00822	0.235876
0.008225	0.222359
0.00823	0.209484
0.008235	0.194679
0.00824	0.181805
0.008245	0.166034
0.00825	0.150586
0.008255	0.136102
0.00826	0.12001
0.008265	0.105848
0.00827	0.0871806
0.008275	0.073341
0.00828	0.060145
0.008285	0.0417994
0.00829	0.0295691
0.008295	0.0115453
0.0083	-0.00358172
0.008305	-0.0177432
0.00831	-0.0338358
0.008315	-0.050894
0.00832	-0.0628025
0.008325	-0.0795388
0.00833	-0.0969188
0.008335	-0.111724
0.00834	-0.123954
0.008345	-0.142622
0.00835	-0.155174
0.008355	-0.170301
0.00836	-0.181244
0.008365	-0.196049
0.00837	-0.212142
0.008375	-0.223407
0.00838	-0.239821
0.008385	-0.25173
0.00839	-0.265247
0.008395	-0.278443
0.0084	-0.287777
0.008405	-0.301295
0.00841	-0.313847
0.008415	-0.323824
0.00842	-0.33863
0.008425	-0.346676
0.00843	-0.358263
0.008435	-0.366953
0.00844	-0.381436
0.008445	-0.387873
0.00845	-0.396563
0.008455	-0.405575
0.00846	-0.414587
0.008465	-0.424564
0.00847	-0.431323
0.008475	-0.436794
0.00848	-0.444519
0.008485	-0.450312
0.00849	-0.459324
0.008495	-0.461255
0.0085	-0.467049
0.008505	-0.46898
0.00851	-0.473164
0.008515	-0.475739
0.00852	-0.479279
0.008525	-0.485394
0.00853	-0.487003
0.008535	-0.486682
0.00854	-0.487647
0.008545	-0.489256
0.00855	-0.488934
0.008555	-0.490222
0.00856	-0.487969
0.008565	-0.489578
0.00857	-0.487969
0.008575	-0.483785
0.00858	-0.481532
0.008585	-0.477992
0.00859	-0.47606
0.008595	-0.472842
0.0086	-0.462543
0.008605	-0.462543
0.00861	-0.458037
0.008615	-0.4516
0.00862	-0.442266
0.008625	-0.43776
0.00863	-0.428104
0.008635	-0.421667
0.00864	-0.416196
0.008645	-0.407184
0.00865	-0.395597
0.008655	-0.389482
0.00866	-0.379827
0.008665	-0.369206
0.00867	-0.358263
0.008675	-0.348607
0.00868	-0.336055
0.008685	-0.325756
0.00869	-0.313203
0.008695	-0.303548
0.0087	-0.287133
0.008705	-0.274581
0.00871	-0.262029
0.008715	-0.248511
0.00872	-0.234993
0.008725	-0.221476
0.00873	-0.209245
0.008735	-0.191543
0.00874	-0.1806
0.008745	-0.166761
0.00875	-0.150346
0.008755	-0.135219
0.00876	-0.118161
0.008765	-0.105287
0.00877	-0.087907
0.008775	-0.0708488
0.00878	-0.0576529
0.008785	-0.0418821
0.00879	-0.0280425
0.008795	-0.00937506
0.0088	0.00382088
0.008805	0.0186261
0.00881	0.036328
0.008815	0.0504895
0.00882	0.0649728
0.008825	0.082031
0.00883	0.0961925
0.008835	0.11132
0.00884	0.124515
0.008845	0.141252
0.00885	0.155091
0.008855	0.169253
0.00886	0.181161
0.008865	0.196932
0.00887	0.211094
0.008875	0.222359
0.00888	0.235876
0.008885	0.251003
0.00889	0.263234
0.008895	0.275786
0.0089	0.286407
0.008905	0.301212
0.00891	0.312477
0.008915	0.323098
0.00892	0.336616
0.008925	0.344663
0.00893	0.355927
0.008935	0.364939
0.00894	0.379101
0.008945	0.386503
0.00895	0.397446
0.008955	0.406136
0.00896	0.414505
0.008965	0.423516
0.00897	0.429953
0.008975	0.435425
0.00898	0.443149
0.008985	0.449586
0.00899	0.457311
0.008995	0.458598
0.009	0.466323
0.009005	0.469541
0.00901	0.470185
0.009015	0.475978
0.00902	0.478553
0.009025	0.483381
0.00903	0.486278
0.009035	0.4866
0.00904	0.485956
0.009045	0.488209
0.00905	0.488853
0.009055	0.489496
0.00906	0.488209
0.009065	0.487243
0.00907	0.484347
0.009075	0.482415
0.00908	0.482415
0.009085	0.478875
0.00909	0.476622
0.009095	0.473725
0.0091	0.465679
0.009105	0.463748
0.00911	0.456667
0.009115	0.453771
0.00912	0.444759
0.009125	0.438
0.00913	0.431563
0.009135	0.421907
0.00914	0.415792
0.009145	0.406136
0.00915	0.396481
0.009155	0.387791
0.00916	0.380066
0.009165	0.369767
0.00917	0.358824
0.009175	0.350456
0.00918	0.339191
0.009185	0.325673
0.00919	0.315696
0.009195	0.303144
0.0092	0.289304
0.009205	0.277717
0.00921	0.263878
0.009215	0.251325
0.00922	0.237164
0.009225	0.221715
0.00923	0.21045
0.009235	0.19307
0.00924	0.18084
0.009245	0.166678
0.00925	0.148654
0.009255	0.137068
0.00926	0.119366
0.009265	0.10617
0.00927	0.0878243
0.009275	0.0759158
0.00928	0.0585358
0.009285	0.0424431
0.00929	0.0260287
0.009295	0.0109016
0.0093	-0.00197246
0.009305	-0.0170995
0.00931	-0.0338358
0.009315	-0.0496066
0.00932	-0.0637681
0.009325	-0.0801825
0.00933	-0.0949877
0.009335	-0.111402
0.00934	-0.124276
0.009345	-0.139081
0.00935	-0.155496
0.009355	-0.168692
0.00936	-0.180922
0.009365	-0.196371
0.00937	-0.213429
0.009375	-0.225338
0.00938	-0.238212
0.009385	-0.249799
0.00939	-0.262673
0.009395	-0.275869
0.0094	-0.287777
0.009405	-0.300651
0.00941	-0.313847
0.009415	-0.323824
0.00942	-0.338308
0.009425	-0.346676
0.00943	-0.357941
0.009435	-0.366309
0.00944	-0.379827
0.009445	-0.387873
0.00945	-0.397207
0.009455	-0.406862
0.00946	-0.415552
0.009465	-0.42392
0.00947	-0.430679
0.009475	-0.437116
0.00948	-0.446128
0.009485	-0.449347
0.00949	-0.457715
0.009495	-0.459968
0.0095	-0.468014
0.009505	-0.470589
0.00951	-0.473164
0.009515	-0.476704
0.00952	-0.479923
0.009525	-0.483463
0.00953	-0.487325
0.009535	-0.487003
0.00954	-0.485716
0.009545	-0.487969
0.00955	-0.488934
0.009555	-0.488613
0.00956	-0.488613
0.009565	-0.488291
0.00957	-0.487325
0.009575	-0.484107
0.00958	-0.481532
0.009585	-0.476704
0.00959	-0.475739
0.009595	-0.470589
0.0096	-0.465439
0.009605	-0.462864
0.00961	-0.457715
0.009615	-0.450634
0.00962	-0.442266
0.009625	-0.43776
0.00963	-0.430679
0.009635	-0.421667
0.00964	-0.415552
0.009645	-0.406219
0.00965	-0.396563
0.009655	-0.388195
0.00966	-0.378539
0.009665	-0.367596
0.00967	-0.357941
0.009675	-0.350216
0.00968	-0.336699
0.009685	-0.32479
0.00969	-0.313203
0.009695	-0.301295
0.0097	-0.288743
0.009705	-0.276834
0.00971	-0.260742
0.009715	-0.250442
0.00972	-0.234672
0.009725	-0.220188
0.00973	-0.20828
0.009735	-0.193153
0.00974	-0.180279
0.009745	-0.166439
0.00975	-0.148415
0.009755	-0.134897
0.00976	-0.120092
0.009765	-0.10239
0.00977	-0.087907
0.009775	-0.0724581
0.00978	-0.057331
0.009785	-0.0428477
0.00979	-0.024824
0.009795	-0.00937506
0.0098	0.00317717
0.009805	0.0186261
0.00981	0.0350405
0.009815	0.0501676
0.00982	0.0646509
0.009825	0.0817091
0.00983	0.097158
0.009835	0.112607
0.00984	0.125481
0.009845	0.139643
0.00985	0.155091
0.009855	0.169253
0.00986	0.181161
0.009865	0.197254
0.00987	0.213025
0.009875	0.225255
0.00988	0.236842
0.009885	0.251325
0.00989	0.261303
0.009895	0.276108
0.0099	0.286729
0.009905	0.300247
0.00991	0.312155
0.009915	0.322133
0.00992	0.336616
0.009925	0.343375
0.00993	0.355284
0.009935	0.365905
0.00994	0.379744
0.009945	0.38586
0.00995	0.396159
0.009955	0.404205
0.00996	0.414505
0.009965	0.423516
0.00997	0.428666
0.009975	0.436391
0.00998	0.445402
0.009985	0.447977
0.00999	0.457955
0.009995	0.459564