0	3.83969
3.30E-06	3.5262
6.60E-06	3.24683
9.90E-06	2.99095
1.32E-05	2.76082
1.65E-05	2.54647
1.98E-05	2.35046
2.31E-05	2.17022
2.64E-05	2.00671
2.97E-05	1.85255
3.30E-05	1.71286
3.63E-05	1.58412
3.96E-05	1.46536
4.29E-05	1.35625
4.62E-05	1.25679
4.95E-05	1.16249
5.28E-05	1.07591
5.61E-05	0.996737
5.94E-05	0.92432
6.27E-05	0.857052
6.60E-05	0.794291
6.93E-05	0.735714
7.26E-05	0.683573
7.59E-05	0.636583
7.92E-05	0.589592
8.25E-05	0.549039
8.58E-05	0.512026
8.91E-05	0.474691
9.24E-05	0.442506
9.57E-05	0.41032
9.90E-05	0.381997
0.000102	0.356249
0.000106	0.333398
0.000109	0.31119
0.000112	0.289304
0.000115	0.271924
0.000119	0.252291
0.000122	0.235876
0.000125	0.221715
0.000129	0.206588
0.000132	0.194036
0.000135	0.182449
0.000139	0.170219
0.000142	0.160241
0.000145	0.151229
0.000148	0.143827
0.000152	0.134493
0.000155	0.126125
0.000158	0.119366
0.000162	0.113572
0.000165	0.106492
0.000168	0.10102
0.000172	0.0965143
0.000175	0.0913647
0.000178	0.0868588
0.000181	0.0823528
0.000185	0.0788124
0.000188	0.0765595
0.000191	0.0723754
0.000195	0.0681913
0.000198	0.0678695
0.000201	0.0646509
0.000205	0.0611106
0.000208	0.0578921
0.000211	0.0559609
0.000214	0.0549954
0.000218	0.0530643
0.000221	0.0524206
0.000224	0.0488802
0.000228	0.0482365
0.000231	0.0488802
0.000234	0.045018
0.000238	0.0463054
0.000241	0.0434087
0.000244	0.0424431
0.000247	0.0434087
0.000251	0.0408339
0.000254	0.0395465
0.000257	0.0401902
0.000261	0.0398683
0.000264	0.0385809
0.000267	0.0372935
0.000271	0.036328
0.000274	0.036328
0.000277	0.0372935
0.00028	0.0350405
0.000284	0.0343968
0.000287	0.0337531
0.00029	0.0331094
0.000294	0.0350405
0.000297	0.0347187
0.0003	0.0343968
0.000304	0.0343968
0.000307	0.0334313
0.00031	0.0321439
0.000313	0.031822
0.000317	0.034075
0.00032	0.0324657
0.000323	0.0324657
0.000327	0.0324657
0.00033	0.0311783
0.000333	0.0315002
0.000337	0.0311783
0.00034	0.0308565
0.000343	0.0292472
0.000346	0.0298909
0.00035	0.0308565
0.000353	0.0305346
0.000356	0.0298909
0.00036	0.0321439
0.000363	0.0305346
0.000366	0.0298909
0.00037	0.0289254
0.000373	0.0289254
0.000376	0.0292472
0.000379	0.0295691
0.000383	0.0292472
0.000386	0.0282816
0.000389	0.0295691
0.000393	0.0286035
0.000396	0.0286035
0.000399	0.0279598
0.000403	0.0308565
0.000406	0.0279598
0.000409	0.0295691
0.000412	0.0295691
0.000416	0.0289254
0.000419	0.0302128
0.000422	0.0298909
0.000426	0.0279598
0.000429	0.0302128
0.000432	0.0273161
0.000436	0.0292472
0.000439	0.0279598
0.000442	0.0279598
0.000445	0.0282816
0.000449	0.0282816
0.000452	0.0298909
0.000455	0.0286035
0.000459	0.0292472
0.000462	0.0269942
0.000465	0.0286035
0.000469	0.0279598
0.000472	0.0286035
0.000475	0.0286035
0.000478	0.0292472
0.000482	0.0279598
0.000485	0.0266724
0.000488	0.0269942
0.000492	0.0279598
0.000495	0.0279598
0.000498	-0.00551284
0.000502	-3.70294
0.000505	-3.40684
0.000508	-3.13841
0.000511	-2.89574
0.000515	-2.67237
0.000518	-2.46896
0.000521	-2.27811
0.000525	-2.10624
0.000528	-1.94596
0.000531	-1.79887
0.000535	-1.6624
0.000538	-1.5356
0.000541	-1.41909
0.000544	-1.31416
0.000548	-1.21632
0.000551	-1.12749
0.000554	-1.04155
0.000558	-0.964631
0.000561	-0.894146
0.000564	-0.829775
0.000568	-0.769267
0.000571	-0.712943
0.000574	-0.660481
0.000577	-0.613491
0.000581	-0.568432
0.000584	-0.532063
0.000587	-0.492797
0.000591	-0.456427
0.000594	-0.426817
0.000597	-0.395597
0.000601	-0.365987
0.000604	-0.342814
0.000607	-0.317709
0.00061	-0.297111
0.000614	-0.277478
0.000617	-0.261385
0.00062	-0.240787
0.000624	-0.227269
0.000627	-0.209889
0.00063	-0.200233
0.000634	-0.187681
0.000637	-0.173841
0.00064	-0.164508
0.000643	-0.15453
0.000647	-0.143266
0.00065	-0.134897
0.000653	-0.128782
0.000657	-0.120414
0.00066	-0.115264
0.000663	-0.106574
0.000667	-0.103678
0.00067	-0.0975625
0.000673	-0.0917692
0.000676	-0.0866196
0.00068	-0.0840448
0.000683	-0.0788951
0.000686	-0.0763203
0.00069	-0.0718144
0.000693	-0.0685959
0.000696	-0.0669866
0.0007	-0.0611933
0.000703	-0.0624807
0.000706	-0.0592621
0.000709	-0.0563655
0.000713	-0.0563655
0.000716	-0.0525033
0.000719	-0.0505721
0.000723	-0.0499284
0.000726	-0.0483192
0.000729	-0.0470318
0.000733	-0.0454225
0.000736	-0.0438132
0.000739	-0.0431695
0.000742	-0.0428477
0.000746	-0.039951
0.000749	-0.039951
0.000752	-0.0405947
0.000756	-0.0383418
0.000759	-0.0373762
0.000762	-0.0354451
0.000766	-0.0357669
0.000769	-0.0376981
0.000772	-0.0360888
0.000775	-0.0348014
0.000779	-0.0325484
0.000782	-0.0348014
0.000785	-0.033514
0.000789	-0.0341577
0.000792	-0.0331921
0.000795	-0.0341577
0.000799	-0.0331921
0.000802	-0.0302955
0.000805	-0.0325484
0.000808	-0.0325484
0.000812	-0.0328703
0.000815	-0.0319047
0.000818	-0.0319047
0.000822	-0.0309392
0.000825	-0.031261
0.000828	-0.0306173
0.000832	-0.0315829
0.000835	-0.029008
0.000838	-0.0302955
0.000841	-0.0309392
0.000845	-0.0296517
0.000848	-0.029008
0.000851	-0.0280425
0.000855	-0.0299736
0.000858	-0.0299736
0.000861	-0.029008
0.000865	-0.029008
0.000868	-0.029008
0.000871	-0.0273988
0.000874	-0.029008
0.000878	-0.0286862
0.000881	-0.029008
0.000884	-0.031261
0.000888	-0.0306173
0.000891	-0.0296517
0.000894	-0.0293299
0.000898	-0.0296517
0.000901	-0.0296517
0.000904	-0.0264332
0.000907	-0.0264332
0.000911	-0.0296517
0.000914	-0.0299736
0.000917	-0.0296517
0.000921	-0.0293299
0.000924	-0.0302955
0.000927	-0.029008
0.000931	-0.0286862
0.000934	-0.0296517
0.000937	-0.0296517
0.00094	-0.0270769
0.000944	-0.0280425
0.000947	-0.0286862
0.00095	-0.0280425
0.000954	-0.0296517
0.000957	-0.029008
0.00096	-0.0286862
0.000964	-0.0286862
0.000967	-0.0280425
0.00097	-0.0286862
0.000973	-0.0286862
0.000977	-0.0273988
0.00098	-0.0270769
0.000983	-0.0280425
0.000987	-0.0270769
0.00099	-0.0267551
0.000993	-0.0280425
0.000997	-0.0261114
0.001	3.82231
0.001003	3.51268
0.001006	3.23395
0.00101	2.98097
0.001013	2.74924
0.001016	2.53681
0.00102	2.33951
0.001023	2.16153
0.001026	1.99738
0.00103	1.84386
0.001033	1.70675
0.001036	1.578
0.001039	1.4586
0.001043	1.34949
0.001046	1.24843
0.001049	1.1567
0.001053	1.07237
0.001056	0.992874
0.001059	0.920136
0.001063	0.852868
0.001066	0.790107
0.001069	0.732817
0.001072	0.68293
0.001076	0.632399
0.001079	0.587339
0.001082	0.54582
0.001086	0.505911
0.001089	0.471794
0.001092	0.440253
0.001096	0.409033
0.001099	0.38071
0.001102	0.355606
0.001105	0.330823
0.001109	0.308937
0.001112	0.286407
0.001115	0.269027
0.001119	0.252291
0.001122	0.235233
0.001125	0.219462
0.001129	0.206588
0.001132	0.192104
0.001135	0.180196
0.001138	0.17054
0.001142	0.160563
0.001145	0.150586
0.001148	0.141574
0.001152	0.134815
0.001155	0.125159
0.001158	0.119044
0.001162	0.112285
0.001165	0.108101
0.001168	0.101986
0.001171	0.0952269
0.001175	0.0920084
0.001178	0.0862151
0.001181	0.0826747
0.001185	0.0781687
0.001188	0.0759158
0.001191	0.0720536
0.001195	0.0691569
0.001198	0.0675476
0.001201	0.0636854
0.001204	0.0607887
0.001208	0.0595013
0.001211	0.0559609
0.001214	0.0540298
0.001218	0.0527424
0.001221	0.0511332
0.001224	0.0504895
0.001228	0.0479146
0.001231	0.0485583
0.001234	0.0463054
0.001237	0.045018
0.001241	0.0440524
0.001244	0.0421213
0.001247	0.0411557
0.001251	0.0417994
0.001254	0.0421213
0.001257	0.0398683
0.001261	0.0392246
0.001264	0.0389028
0.001267	0.0372935
0.00127	0.0366498
0.001274	0.0337531
0.001277	0.0350405
0.00128	0.0347187
0.001284	0.0334313
0.001287	0.034075
0.00129	0.0327876
0.001294	0.0331094
0.001297	0.0343968
0.0013	0.0327876
0.001303	0.0327876
0.001307	0.0334313
0.00131	0.0308565
0.001313	0.031822
0.001317	0.0308565
0.00132	0.031822
0.001323	0.0315002
0.001327	0.0302128
0.00133	0.0311783
0.001333	0.0315002
0.001336	0.0315002
0.00134	0.0298909
0.001343	0.0298909
0.001346	0.0298909
0.00135	0.0302128
0.001353	0.0311783
0.001356	0.0302128
0.00136	0.0302128
0.001363	0.0298909
0.001366	0.0292472
0.001369	0.0289254
0.001373	0.0298909
0.001376	0.0292472
0.001379	0.0298909
0.001383	0.0286035
0.001386	0.0286035
0.001389	0.0286035
0.001393	0.0279598
0.001396	0.0276379
0.001399	0.0302128
0.001402	0.0292472
0.001406	0.0295691
0.001409	0.0286035
0.001412	0.0315002
0.001416	0.0276379
0.001419	0.0282816
0.001422	0.0289254
0.001426	0.0289254
0.001429	0.0282816
0.001432	0.0286035
0.001435	0.0282816
0.001439	0.0292472
0.001442	0.0282816
0.001445	0.0292472
0.001449	0.0276379
0.001452	0.0298909
0.001455	0.0279598
0.001459	0.0279598
0.001462	0.0273161
0.001465	0.0282816
0.001468	0.0282816
0.001472	0.0276379
0.001475	0.0276379
0.001478	0.0286035
0.001482	0.0289254
0.001485	0.0263505
0.001488	0.0286035
0.001492	0.0282816
0.001495	0.0282816
0.001498	-0.00808765
0.001501	-3.71098
0.001505	-3.41295
0.001508	-3.14421
0.001511	-2.90056
0.001515	-2.67495
0.001518	-2.47154
0.001521	-2.28165
0.001525	-2.10946
0.001528	-1.94789
0.001531	-1.79823
0.001534	-1.66434
0.001538	-1.54042
0.001541	-1.42263
0.001544	-1.31641
0.001548	-1.21857
0.001551	-1.12652
0.001554	-1.04413
0.001558	-0.966884
0.001561	-0.897042
0.001564	-0.830419
0.001567	-0.771842
0.001571	-0.714552
0.001574	-0.663378
0.001577	-0.616066
0.001581	-0.569076
0.001584	-0.530132
0.001587	-0.492153
0.001591	-0.456427
0.001594	-0.426495
0.001597	-0.396241
0.0016	-0.368884
0.001604	-0.344101
0.001607	-0.32125
0.00161	-0.299364
0.001614	-0.279409
0.001617	-0.259776
0.00162	-0.242396
0.001624	-0.225016
0.001627	-0.214717
0.00163	-0.198302
0.001633	-0.186716
0.001637	-0.174485
0.00164	-0.163542
0.001643	-0.154852
0.001647	-0.144231
0.00165	-0.137472
0.001653	-0.129426
0.001657	-0.120736
0.00166	-0.114943
0.001663	-0.108184
0.001666	-0.10239
0.00167	-0.0962751
0.001673	-0.0937003
0.001676	-0.0882288
0.00168	-0.0840448
0.001683	-0.0785733
0.001686	-0.0756766
0.00169	-0.0721362
0.001693	-0.0698833
0.001696	-0.0663429
0.001699	-0.0621588
0.001703	-0.0611933
0.001706	-0.059584
0.001709	-0.0557218
0.001713	-0.0544344
0.001716	-0.0534688
0.001719	-0.0525033
0.001723	-0.0499284
0.001726	-0.0502503
0.001729	-0.0460662
0.001732	-0.0447788
0.001736	-0.0444569
0.001739	-0.0447788
0.001742	-0.0418821
0.001746	-0.0412384
0.001749	-0.0412384
0.001752	-0.0412384
0.001756	-0.0386636
0.001759	-0.0373762
0.001762	-0.0357669
0.001765	-0.0367325
0.001769	-0.0351232
0.001772	-0.0364106
0.001775	-0.0344795
0.001779	-0.0341577
0.001782	-0.0341577
0.001785	-0.0351232
0.001789	-0.033514
0.001792	-0.0315829
0.001795	-0.033514
0.001798	-0.0331921
0.001802	-0.0322266
0.001805	-0.0341577
0.001808	-0.0325484
0.001812	-0.0309392
0.001815	-0.0341577
0.001818	-0.033514
0.001822	-0.0309392
0.001825	-0.0309392
0.001828	-0.0296517
0.001831	-0.0309392
0.001835	-0.0306173
0.001838	-0.0309392
0.001841	-0.029008
0.001845	-0.0309392
0.001848	-0.0309392
0.001851	-0.0277206
0.001855	-0.0286862
0.001858	-0.0309392
0.001861	-0.0299736
0.001864	-0.0296517
0.001868	-0.0286862
0.001871	-0.0286862
0.001874	-0.0296517
0.001878	-0.0286862
0.001881	-0.029008
0.001884	-0.0283643
0.001888	-0.0299736
0.001891	-0.0283643
0.001894	-0.0286862
0.001897	-0.0296517
0.001901	-0.0293299
0.001904	-0.0296517
0.001907	-0.0293299
0.001911	-0.0286862
0.001914	-0.0270769
0.001917	-0.0283643
0.001921	-0.0296517
0.001924	-0.0277206
0.001927	-0.0283643
0.00193	-0.0302955
0.001934	-0.0267551
0.001937	-0.0273988
0.00194	-0.0273988
0.001944	-0.0283643
0.001947	-0.0283643
0.00195	-0.0273988
0.001954	-0.0283643
0.001957	-0.0286862
0.00196	-0.0283643
0.001963	-0.0286862
0.001967	-0.0280425
0.00197	-0.0261114
0.001973	-0.0283643
0.001977	-0.0264332
0.00198	-0.0264332
0.001983	-0.0270769
0.001987	-0.0283643
0.00199	-0.0270769
0.001993	-0.0280425
0.001996	-0.0267551
0.002	3.83003
0.002003	3.51944
0.002006	3.24007
0.00201	2.98419
0.002013	2.7531
0.002016	2.53939
0.00202	2.34434
0.002023	2.16442
0.002026	2.00092
0.002029	1.84965
0.002033	1.70964
0.002036	1.57994
0.002039	1.46085
0.002043	1.35013
0.002046	1.25229
0.002049	1.16024
0.002053	1.07205
0.002056	0.993518
0.002059	0.920779
0.002062	0.854477
0.002066	0.791716
0.002069	0.735392
0.002072	0.681321
0.002076	0.633043
0.002079	0.587339
0.002082	0.547752
0.002086	0.508164
0.002089	0.473404
0.002092	0.440575
0.002095	0.409355
0.002099	0.381676
0.002102	0.355606
0.002105	0.330823
0.002109	0.309259
0.002112	0.288338
0.002115	0.270636
0.002119	0.25036
0.002122	0.234267
0.002125	0.21914
0.002128	0.2053
0.002132	0.192426
0.002135	0.180196
0.002138	0.169575
0.002142	0.160241
0.002145	0.148976
0.002148	0.14093
0.002152	0.133849
0.002155	0.126125
0.002158	0.1184
0.002161	0.112285
0.002165	0.107135
0.002168	0.0997328
0.002171	0.097158
0.002175	0.0916865
0.002178	0.0868588
0.002181	0.082031
0.002185	0.0794562
0.002188	0.0746284
0.002191	0.0714098
0.002194	0.0675476
0.002198	0.0665821
0.002201	0.0630417
0.002204	0.062398
0.002208	0.0595013
0.002211	0.0566046
0.002214	0.0546735
0.002218	0.0546735
0.002221	0.0508113
0.002224	0.0488802
0.002227	0.0469491
0.002231	0.0463054
0.002234	0.0463054
0.002237	0.0456617
0.002241	0.0437306
0.002244	0.0424431
0.002247	0.0430868
0.002251	0.0414776
0.002254	0.0401902
0.002257	0.0395465
0.00226	0.0376154
0.002264	0.0382591
0.002267	0.0379372
0.00227	0.036328
0.002274	0.036328
0.002277	0.0360061
0.00228	0.0356842
0.002284	0.0350405
0.002287	0.0347187
0.00229	0.0343968
0.002293	0.0347187
0.002297	0.0337531
0.0023	0.0321439
0.002303	0.0353624
0.002307	0.0321439
0.00231	0.0327876
0.002313	0.0308565
0.002317	0.0321439
0.00232	0.0324657
0.002323	0.031822
0.002326	0.0308565
0.00233	0.0305346
0.002333	0.0302128
0.002336	0.0321439
0.00234	0.031822
0.002343	0.0308565
0.002346	0.0298909
0.00235	0.0295691
0.002353	0.0289254
0.002356	0.0308565
0.002359	0.0289254
0.002363	0.0295691
0.002366	0.0289254
0.002369	0.0282816
0.002373	0.0298909
0.002376	0.0292472
0.002379	0.0305346
0.002383	0.0305346
0.002386	0.0315002
0.002389	0.0269942
0.002392	0.0302128
0.002396	0.0308565
0.002399	0.0289254
0.002402	0.0292472
0.002406	0.0273161
0.002409	0.0279598
0.002412	0.0282816
0.002416	0.0295691
0.002419	0.0302128
0.002422	0.0282816
0.002425	0.0308565
0.002429	0.0292472
0.002432	0.0298909
0.002435	0.0269942
0.002439	0.0286035
0.002442	0.0282816
0.002445	0.0286035
0.002449	0.0279598
0.002452	0.0282816
0.002455	0.0289254
0.002458	0.0295691
0.002462	0.0289254
0.002465	0.0282816
0.002468	0.0292472
0.002472	0.0279598
0.002475	0.0286035
0.002478	0.0298909
0.002482	0.0263505
0.002485	0.0289254
0.002488	0.0282816
0.002491	0.0282816
0.002495	0.0289254
0.002498	0.000602356
0.002501	-3.7171
0.002505	-3.41778
0.002508	-3.14775
0.002511	-2.90217
0.002515	-2.68074
0.002518	-2.47379
0.002521	-2.28551
0.002524	-2.1101
0.002528	-1.95239
0.002531	-1.80402
0.002534	-1.66627
0.002538	-1.54235
0.002541	-1.42488
0.002544	-1.31835
0.002548	-1.21954
0.002551	-1.13038
0.002554	-1.04735
0.002557	-0.970424
0.002561	-0.896399
0.002564	-0.832672
0.002567	-0.77152
0.002571	-0.713909
0.002574	-0.662734
0.002577	-0.614778
0.002581	-0.570685
0.002584	-0.528844
0.002587	-0.494728
0.00259	-0.45868
0.002594	-0.427783
0.002597	-0.39785
0.0026	-0.372424
0.002604	-0.343457
0.002607	-0.320606
0.00261	-0.29872
0.002614	-0.280053
0.002617	-0.260742
0.00262	-0.242396
0.002623	-0.226303
0.002627	-0.213429
0.00263	-0.198624
0.002633	-0.186716
0.002637	-0.174807
0.00264	-0.164186
0.002643	-0.154209
0.002647	-0.145519
0.00265	-0.136185
0.002653	-0.129748
0.002656	-0.121058
0.00266	-0.113977
0.002663	-0.108184
0.002666	-0.103678
0.00267	-0.0994937
0.002673	-0.0924129
0.002676	-0.0872633
0.00268	-0.0821136
0.002683	-0.0788951
0.002686	-0.0759985
0.002689	-0.0743892
0.002693	-0.0676303
0.002696	-0.0679522
0.002699	-0.0640899
0.002703	-0.0637681
0.002706	-0.0599059
0.002709	-0.0566873
0.002713	-0.0537907
0.002716	-0.0505721
0.002719	-0.0512158
0.002722	-0.0505721
0.002726	-0.048641
0.002729	-0.0479973
0.002732	-0.0444569
0.002736	-0.0447788
0.002739	-0.0444569
0.002742	-0.0434914
0.002746	-0.0402729
0.002749	-0.039951
0.002752	-0.0386636
0.002755	-0.0380199
0.002759	-0.0364106
0.002762	-0.0357669
0.002765	-0.0364106
0.002769	-0.0380199
0.002772	-0.0351232
0.002775	-0.0351232
0.002779	-0.0351232
0.002782	-0.0360888
0.002785	-0.033514
0.002788	-0.0348014
0.002792	-0.0348014
0.002795	-0.0322266
0.002798	-0.0325484
0.002802	-0.0322266
0.002805	-0.0302955
0.002808	-0.031261
0.002812	-0.0325484
0.002815	-0.0309392
0.002818	-0.0299736
0.002821	-0.0322266
0.002825	-0.031261
0.002828	-0.031261
0.002831	-0.0296517
0.002835	-0.0293299
0.002838	-0.0299736
0.002841	-0.0306173
0.002845	-0.029008
0.002848	-0.0299736
0.002851	-0.0296517
0.002854	-0.0306173
0.002858	-0.0286862
0.002861	-0.0283643
0.002864	-0.0286862
0.002868	-0.029008
0.002871	-0.0286862
0.002874	-0.0296517
0.002878	-0.0302955
0.002881	-0.0280425
0.002884	-0.029008
0.002887	-0.0302955
0.002891	-0.0273988
0.002894	-0.029008
0.002897	-0.0296517
0.002901	-0.0286862
0.002904	-0.0299736
0.002907	-0.029008
0.002911	-0.0286862
0.002914	-0.0280425
0.002917	-0.0293299
0.00292	-0.0296517
0.002924	-0.0273988
0.002927	-0.0302955
0.00293	-0.0293299
0.002934	-0.0283643
0.002937	-0.0273988
0.00294	-0.0277206
0.002944	-0.0280425
0.002947	-0.0283643
0.00295	-0.029008
0.002953	-0.0280425
0.002957	-0.0280425
0.00296	-0.0273988
0.002963	-0.0280425
0.002967	-0.0286862
0.00297	-0.0286862
0.002973	-0.0280425
0.002977	-0.029008
0.00298	-0.0267551
0.002983	-0.0283643
0.002986	-0.0280425
0.00299	-0.0273988
0.002993	-0.0267551
0.002996	-0.0257895
0.003	3.83615
0.003003	3.52523
0.003006	3.24554
0.00301	2.98998
0.003013	2.75793
0.003016	2.54421
0.003019	2.3482
0.003023	2.16925
0.003026	2.00446
0.003029	1.8519
0.003033	1.71029
0.003036	1.5809
0.003039	1.46471
0.003043	1.35238
0.003046	1.2539
0.003049	1.15959
0.003052	1.07366
0.003056	0.994805
0.003059	0.922067
0.003062	0.855765
0.003066	0.792682
0.003069	0.736357
0.003072	0.682286
0.003076	0.633364
0.003079	0.587661
0.003082	0.54743
0.003085	0.507842
0.003089	0.472438
0.003092	0.440896
0.003095	0.409677
0.003099	0.380388
0.003102	0.356249
0.003105	0.33211
0.003109	0.310224
0.003112	0.288338
0.003115	0.270315
0.003118	0.251969
0.003122	0.236198
0.003125	0.220427
0.003128	0.205622
0.003132	0.19307
0.003135	0.183093
0.003138	0.171506
0.003142	0.160563
0.003145	0.152195
0.003148	0.141252
0.003151	0.134815
0.003155	0.127734
0.003158	0.119044
0.003161	0.112285
0.003165	0.107779
0.003168	0.101342
0.003171	0.0961925
0.003175	0.090721
0.003178	0.0878243
0.003181	0.0823528
0.003184	0.0781687
0.003188	0.0749502
0.003191	0.0726973
0.003194	0.0681913
0.003198	0.0669039
0.003201	0.0636854
0.003204	0.0614324
0.003208	0.0588576
0.003211	0.0549954
0.003214	0.0533861
0.003217	0.0527424
0.003221	0.051455
0.003224	0.0488802
0.003227	0.0479146
0.003231	0.0459835
0.003234	0.0469491
0.003237	0.0443743
0.003241	0.0440524
0.003244	0.0421213
0.003247	0.0417994
0.00325	0.0398683
0.003254	0.0401902
0.003257	0.0398683
0.00326	0.0395465
0.003264	0.0382591
0.003267	0.0379372
0.00327	0.0366498
0.003274	0.036328
0.003277	0.0343968
0.00328	0.0356842
0.003283	0.0347187
0.003287	0.0350405
0.00329	0.0337531
0.003293	0.0350405
0.003297	0.034075