0	-0.464796
5.00E-06	-0.40654
1.00E-05	-0.347963
1.50E-05	-0.289386
2.00E-05	-0.2292
2.50E-05	-0.169014
3.00E-05	-0.108827
3.50E-05	-0.0492847
4.00E-05	0.0112235
4.50E-05	0.0723754
5.00E-05	0.132884
5.50E-05	0.19307
6.00E-05	0.253256
6.50E-05	0.313443
7.00E-05	0.373307
7.50E-05	0.432206
8.00E-05	0.491749
8.50E-05	0.550005
9.00E-05	0.607938
9.50E-05	0.665872
1.00E-04	0.72284
0.000105	0.778842
0.00011	0.834523
0.000115	0.888594
0.00012	0.942022
0.000125	0.995127
0.00013	1.04662
0.000135	1.09812
0.00014	1.14801
0.000145	1.19629
0.00015	1.24392
0.000155	1.28962
0.00016	1.33468
0.000165	1.37813
0.00017	1.41997
0.000175	1.46085
0.00018	1.50076
0.000185	1.53842
0.00019	1.57511
0.000195	1.60955
0.0002	1.64302
0.000205	1.67424
0.00021	1.70417
0.000215	1.73249
0.00022	1.75921
0.000225	1.78399
0.00023	1.80684
0.000235	1.82744
0.00024	1.84772
0.000245	1.86542
0.00025	1.88119
0.000255	1.89567
0.00026	1.90694
0.000265	1.91756
0.00027	1.92561
0.000275	1.9314
0.00028	1.93623
0.000285	1.93816
0.00029	1.93977
0.000295	1.93784
0.0003	1.93462
0.000305	1.93011
0.00031	1.92271
0.000315	1.9137
0.00032	1.90308
0.000325	1.89085
0.00033	1.87604
0.000335	1.85963
0.00034	1.84193
0.000345	1.821
0.00035	1.79847
0.000355	1.7753
0.00036	1.74987
0.000365	1.72252
0.00037	1.69387
0.000375	1.66394
0.00038	1.63208
0.000385	1.59764
0.00039	1.56191
0.000395	1.52554
0.0004	1.4866
0.000405	1.44701
0.00041	1.40517
0.000415	1.36365
0.00042	1.31956
0.000425	1.27385
0.00043	1.22654
0.000435	1.17891
0.00044	1.12966
0.000445	1.07945
0.00045	1.0286
0.000455	0.97646
0.00046	0.923354
0.000465	0.869283
0.00047	0.814246
0.000475	0.758243
0.00048	0.701597
0.000485	0.643664
0.00049	0.586696
0.000495	0.527475
0.0005	0.46922
0.000505	0.409677
0.00051	0.349812
0.000515	0.290591
0.00052	0.230405
0.000525	0.169897
0.00053	0.109067
0.000535	0.0485583
0.00054	-0.011628
0.000545	-0.0731018
0.00055	-0.133932
0.000555	-0.19444
0.00056	-0.255592
0.000565	-0.315456
0.00057	-0.375965
0.000575	-0.435507
0.00058	-0.494084
0.000585	-0.553305
0.00059	-0.61156
0.000595	-0.668528
0.0006	-0.726139
0.000605	-0.782463
0.00061	-0.837822
0.000615	-0.892536
0.00062	-0.945642
0.000625	-0.999069
0.00063	-1.05089
0.000635	-1.10206
0.00064	-1.15227
0.000645	-1.20023
0.00065	-1.24818
0.000655	-1.29453
0.00066	-1.33894
0.000665	-1.38304
0.00067	-1.42488
0.000675	-1.46608
0.00068	-1.50534
0.000685	-1.54332
0.00069	-1.58065
0.000695	-1.61445
0.0007	-1.64728
0.000705	-1.67914
0.00071	-1.70972
0.000715	-1.7374
0.00072	-1.76411
0.000725	-1.78921
0.00073	-1.81239
0.000735	-1.83331
0.00074	-1.8523
0.000745	-1.87
0.00075	-1.88609
0.000755	-1.90025
0.00076	-1.91184
0.000765	-1.92246
0.00077	-1.93051
0.000775	-1.9363
0.00078	-1.94048
0.000785	-1.94338
0.00079	-1.9437
0.000795	-1.94306
0.0008	-1.93984
0.000805	-1.93469
0.00081	-1.92729
0.000815	-1.91924
0.00082	-1.90765
0.000825	-1.89478
0.00083	-1.88062
0.000835	-1.86453
0.00084	-1.84586
0.000845	-1.8259
0.00085	-1.80402
0.000855	-1.77988
0.00086	-1.75445
0.000865	-1.72742
0.00087	-1.69845
0.000875	-1.6682
0.00088	-1.63505
0.000885	-1.60125
0.00089	-1.56553
0.000895	-1.52916
0.0009	-1.49054
0.000905	-1.45063
0.00091	-1.40943
0.000915	-1.36695
0.00092	-1.32253
0.000925	-1.27715
0.00093	-1.2308
0.000935	-1.18252
0.00094	-1.13296
0.000945	-1.08372
0.00095	-1.03158
0.000955	-0.979114
0.00096	-0.926974
0.000965	-0.873225
0.00097	-0.817545
0.000975	-0.760577
0.00098	-0.704253
0.000985	-0.647286
0.00099	-0.589674
0.000995	-0.531419
0.001	-0.472842
0.001005	-0.413621
0.00101	-0.353757
0.001015	-0.294214
0.00102	-0.233384
0.001025	-0.172876
0.00103	-0.112046
0.001035	-0.0515377
0.00104	0.00897051
0.001045	0.0698006
0.00105	0.130631
0.001055	0.191139
0.00106	0.251969
0.001065	0.312477
0.00107	0.371376
0.001075	0.430919
0.00108	0.490784
0.001085	0.548717
0.00109	0.607938
0.001095	0.664906
0.0011	0.721874
0.001105	0.778842
0.00111	0.834523
0.001115	0.888916
0.00112	0.942343
0.001125	0.994805
0.00113	1.0463
0.001135	1.09748
0.00114	1.14769
0.001145	1.19629
0.00115	1.24295
0.001155	1.28962
0.00116	1.33468
0.001165	1.37846
0.00117	1.42062
0.001175	1.46117
0.00118	1.50076
0.001185	1.53874
0.00119	1.57479
0.001195	1.60955
0.0012	1.64238
0.001205	1.67424
0.00121	1.70385
0.001215	1.73314
0.00122	1.75985
0.001225	1.78431
0.00123	1.80684
0.001235	1.82809
0.00124	1.8474
0.001245	1.8651
0.00125	1.88087
0.001255	1.89535
0.00126	1.90758
0.001265	1.91756
0.00127	1.92593
0.001275	1.93172
0.00128	1.93623
0.001285	1.93816
0.00129	1.93945
0.001295	1.93816
0.0013	1.93494
0.001305	1.92947
0.00131	1.92271
0.001315	1.9137
0.00132	1.9034
0.001325	1.88988
0.00133	1.87604
0.001335	1.85995
0.00134	1.84128
0.001345	1.82068
0.00135	1.79912
0.001355	1.7753
0.00136	1.74987
0.001365	1.72252
0.00137	1.69387
0.001375	1.66297
0.00138	1.63079
0.001385	1.59732
0.00139	1.56159
0.001395	1.52458
0.0014	1.48628
0.001405	1.44604
0.00141	1.40485
0.001415	1.36268
0.00142	1.31827
0.001425	1.27257
0.00143	1.22654
0.001435	1.17891
0.00144	1.12934
0.001445	1.07913
0.00145	1.02828
0.001455	0.975816
0.00146	0.92271
0.001465	0.868317
0.00147	0.813602
0.001475	0.757278
0.00148	0.700954
0.001485	0.64302
0.00149	0.58573
0.001495	0.526831
0.0015	0.468576
0.001505	0.409999
0.00151	0.349812
0.001515	0.290269
0.00152	0.229439
0.001525	0.169253
0.00153	0.109067
0.001535	0.0475928
0.00154	-0.0125936
0.001545	-0.0737455
0.00155	-0.134576
0.001555	-0.194762
0.00156	-0.255914
0.001565	-0.316422
0.00157	-0.375965
0.001575	-0.435829
0.00158	-0.494728
0.001585	-0.553627
0.00159	-0.61156
0.001595	-0.669493
0.0016	-0.726139
0.001605	-0.782463
0.00161	-0.838465
0.001615	-0.892858
0.00162	-0.946286
0.001625	-0.999391
0.00163	-1.05089
0.001635	-1.10206
0.00164	-1.15227
0.001645	-1.20087
0.00165	-1.24786
0.001655	-1.29485
0.00166	-1.33894
0.001665	-1.38239
0.00167	-1.42456
0.001675	-1.46575
0.00168	-1.50502
0.001685	-1.543
0.00169	-1.58001
0.001695	-1.61445
0.0017	-1.6476
0.001705	-1.67946
0.00171	-1.70939
0.001715	-1.73772
0.00172	-1.76475
0.001725	-1.78921
0.00173	-1.81174
0.001735	-1.83331
0.00174	-1.8523
0.001745	-1.87032
0.00175	-1.88577
0.001755	-1.89993
0.00176	-1.91216
0.001765	-1.92246
0.00177	-1.93051
0.001775	-1.93662
0.00178	-1.94081
0.001785	-1.94435
0.00179	-1.94435
0.001795	-1.94274
0.0018	-1.94048
0.001805	-1.93469
0.00181	-1.92825
0.001815	-1.91892
0.00182	-1.9083
0.001825	-1.89542
0.00183	-1.88094
0.001835	-1.8642
0.00184	-1.84618
0.001845	-1.8259
0.00185	-1.8037
0.001855	-1.77988
0.00186	-1.75445
0.001865	-1.72774
0.00187	-1.69813
0.001875	-1.66755
0.00188	-1.63601
0.001885	-1.60222
0.00189	-1.56617
0.001895	-1.52916
0.0019	-1.49086
0.001905	-1.45063
0.00191	-1.40911
0.001915	-1.36662
0.00192	-1.32253
0.001925	-1.27779
0.00193	-1.23048
0.001935	-1.18252
0.00194	-1.13296
0.001945	-1.08307
0.00195	-1.0319
0.001955	-0.979436
0.00196	-0.926009
0.001965	-0.871616
0.00197	-0.817223
0.001975	-0.761221
0.00198	-0.703931
0.001985	-0.647286
0.00199	-0.58903
0.001995	-0.530775
0.002	-0.472198
0.002005	-0.413299
0.00201	-0.353435
0.002015	-0.294214
0.00202	-0.23274
0.002025	-0.172554
0.00203	-0.112046
0.002035	-0.0512158
0.00204	0.00897051
0.002045	0.0701224
0.00205	0.131274
0.002055	0.191783
0.00206	0.253256
0.002065	0.312477
0.00207	0.372664
0.002075	0.432206
0.00208	0.491105
0.002085	0.549039
0.00209	0.608582
0.002095	0.665872
0.0021	0.72284
0.002105	0.77852
0.00211	0.834523
0.002115	0.889559
0.00212	0.942343
0.002125	0.995449
0.00213	1.04695
0.002135	1.09748
0.00214	1.14833
0.002145	1.19629
0.00215	1.24392
0.002155	1.28962
0.00216	1.33436
0.002165	1.37878
0.00217	1.42062
0.002175	1.46149
0.00218	1.50076
0.002185	1.53938
0.00219	1.57511
0.002195	1.60987
0.0022	1.64302
0.002205	1.67424
0.00221	1.70449
0.002215	1.73282
0.00222	1.76017
0.002225	1.78431
0.00223	1.80749
0.002235	1.82873
0.00224	1.84804
0.002245	1.8651
0.00225	1.88151
0.002255	1.89535
0.00226	1.90791
0.002265	1.91724
0.00227	1.92529
0.002275	1.93172
0.00228	1.93591
0.002285	1.9388
0.00229	1.93913
0.002295	1.93816
0.0023	1.93526
0.002305	1.93011
0.00231	1.92239
0.002315	1.91338
0.00232	1.9034
0.002325	1.88988
0.00233	1.87604
0.002335	1.85963
0.00234	1.84128
0.002345	1.821
0.00235	1.79912
0.002355	1.77498
0.00236	1.74987
0.002365	1.72252
0.00237	1.69387
0.002375	1.6633
0.00238	1.63047
0.002385	1.59667
0.00239	1.56095
0.002395	1.52458
0.0024	1.48692
0.002405	1.44637
0.00241	1.40485
0.002415	1.36268
0.00242	1.31859
0.002425	1.27257
0.00243	1.22622
0.002435	1.17858
0.00244	1.12837
0.002445	1.07849
0.00245	1.02731
0.002455	0.975172
0.00246	0.922388
0.002465	0.868317
0.00247	0.81328
0.002475	0.7576
0.00248	0.70031
0.002485	0.64302
0.00249	0.586052
0.002495	0.527153
0.0025	0.468898
0.002505	0.409033
0.00251	0.349812
0.002515	0.289304
0.00252	0.229117
0.002525	0.168931
0.00253	0.108745
0.002535	0.0475928
0.00254	-0.0129154
0.002545	-0.0737455
0.00255	-0.135541
0.002555	-0.195406
0.00256	-0.256557
0.002565	-0.316744
0.00257	-0.37693
0.002575	-0.436473
0.00258	-0.494728
0.002585	-0.553627
0.00259	-0.61156
0.002595	-0.669815
0.0026	-0.726783
0.002605	-0.783107
0.00261	-0.838143
0.002615	-0.89318
0.00262	-0.946607
0.002625	-0.999391
0.00263	-1.05185
0.002635	-1.10271
0.00264	-1.15227
0.002645	-1.20184
0.00265	-1.2485
0.002655	-1.29549
0.00266	-1.33927
0.002665	-1.38272
0.00267	-1.42488
0.002675	-1.46672
0.00268	-1.50566
0.002685	-1.54332
0.00269	-1.57969
0.002695	-1.61445
0.0027	-1.64728
0.002705	-1.67914
0.00271	-1.70972
0.002715	-1.73772
0.00272	-1.76411
0.002725	-1.78889
0.00273	-1.81207
0.002735	-1.83331
0.00274	-1.85294
0.002745	-1.87032
0.00275	-1.88577
0.002755	-1.89961
0.00276	-1.91248
0.002765	-1.92246
0.00277	-1.93018
0.002775	-1.9363
0.00278	-1.94016
0.002785	-1.94338
0.00279	-1.94435
0.002795	-1.94338
0.0028	-1.93984
0.002805	-1.93469
0.00281	-1.92729
0.002815	-1.91892
0.00282	-1.90798
0.002825	-1.8951
0.00283	-1.88094
0.002835	-1.86388
0.00284	-1.84586
0.002845	-1.82494
0.00285	-1.8037
0.002855	-1.77988
0.00286	-1.75413
0.002865	-1.7271
0.00287	-1.69813
0.002875	-1.66755
0.00288	-1.63505
0.002885	-1.60093
0.00289	-1.56585
0.002895	-1.52884
0.0029	-1.49054
0.002905	-1.45063
0.00291	-1.40975
0.002915	-1.36662
0.00292	-1.32253
0.002925	-1.27715
0.00293	-1.22984
0.002935	-1.1822
0.00294	-1.13264
0.002945	-1.08243
0.00295	-1.03093
0.002955	-0.979114
0.00296	-0.925687
0.002965	-0.871938
0.00297	-0.815936
0.002975	-0.760577
0.00298	-0.704575
0.002985	-0.64632
0.00299	-0.58903
0.002995	-0.530132
0.003	-0.471554
0.003005	-0.412656
0.00301	-0.353113
0.003015	-0.293249
0.00302	-0.232419
0.003025	-0.17191
0.00303	-0.111402
0.003035	-0.0505721
0.00304	0.00961422
0.003045	0.0704443
0.00305	0.131596
0.003055	0.192104
0.00306	0.252935
0.003065	0.312799
0.00307	0.373307
0.003075	0.43285
0.00308	0.491427
0.003085	0.550005
0.00309	0.60826
0.003095	0.665872
0.0031	0.723161
0.003105	0.778198
0.00311	0.834523
0.003115	0.889559
0.00312	0.942665
0.003125	0.995449
0.00313	1.04759
0.003135	1.09812
0.00314	1.14833
0.003145	1.19693
0.00315	1.24456
0.003155	1.29091
0.00316	1.335
0.003165	1.37878
0.00317	1.42062
0.003175	1.46214
0.00318	1.50173
0.003185	1.5397
0.00319	1.57575
0.003195	1.61019
0.0032	1.64366
0.003205	1.67488
0.00321	1.70482
0.003215	1.73314
0.00322	1.75985
0.003225	1.78431
0.00323	1.80749
0.003235	1.82809
0.00324	1.8474
0.003245	1.8651
0.00325	1.88087
0.003255	1.89471
0.00326	1.90726
0.003265	1.91756
0.00327	1.92561
0.003275	1.93172
0.00328	1.93591
0.003285	1.9388
0.00329	1.93913
0.003295	1.93784
0.0033	1.93494
0.003305	1.93011
0.00331	1.92207
0.003315	1.91338
0.00332	1.90308
0.003325	1.8902
0.00333	1.87572
0.003335	1.85866
0.00334	1.84064
0.003345	1.82068
0.00335	1.79847
0.003355	1.7753
0.00336	1.74955
0.003365	1.7222
0.00337	1.69355
0.003375	1.66233
0.00338	1.63111
0.003385	1.59635
0.00339	1.56127
0.003395	1.52361
0.0034	1.48563
0.003405	1.44572
0.00341	1.40453
0.003415	1.36204
0.00342	1.31795
0.003425	1.27257
0.00343	1.22557
0.003435	1.17762
0.00344	1.1287
0.003445	1.07881
0.00345	1.02731
0.003455	0.974851
0.00346	0.922067
0.003465	0.867673
0.00347	0.81328
0.003475	0.756956
0.00348	0.699988
0.003485	0.64302
0.00349	0.58573
0.003495	0.526831
0.0035	0.468254
0.003505	0.408389
0.00351	0.348203
0.003515	0.289626
0.00352	0.228796
0.003525	0.167966
0.00353	0.108101
0.003535	0.0475928
0.00354	-0.0132373
0.003545	-0.0750329
0.00355	-0.134897
0.003555	-0.196049
0.00356	-0.256557
0.003565	-0.317066
0.00357	-0.37693
0.003575	-0.436794
0.00358	-0.495693
0.003585	-0.553627
0.00359	-0.612204
0.003595	-0.669815
0.0036	-0.727427
0.003605	-0.783751
0.00361	-0.839109
0.003615	-0.893502
0.00362	-0.946929
0.003625	-1.00003
0.00363	-1.05282
0.003635	-1.10271
0.00364	-1.15291
0.003645	-1.20119
0.00365	-1.24883
0.003655	-1.29421
0.00366	-1.33991
0.003665	-1.38272
0.00367	-1.4252
0.003675	-1.46575
0.00368	-1.50566
0.003685	-1.54396
0.00369	-1.58001
0.003695	-1.61541
0.0037	-1.6476
0.003705	-1.67978
0.00371	-1.70907
0.003715	-1.73836
0.00372	-1.76411
0.003725	-1.78921
0.00373	-1.81207
0.003735	-1.83331
0.00374	-1.85262
0.003745	-1.87
0.00375	-1.88609
0.003755	-1.89993
0.00376	-1.91216
0.003765	-1.92246
0.00377	-1.93051
0.003775	-1.93662
0.00378	-1.94048
0.003785	-1.9437
0.00379	-1.94402
0.003795	-1.94274
0.0038	-1.93952
0.003805	-1.93405
0.00381	-1.92697
0.003815	-1.91828
0.00382	-1.90701
0.003825	-1.8951
0.00383	-1.8803
0.003835	-1.86324
0.00384	-1.84489
0.003845	-1.82558
0.00385	-1.80338
0.003855	-1.77988
0.00386	-1.75413
0.003865	-1.72645
0.00387	-1.69749
0.003875	-1.66755
0.00388	-1.63473
0.003885	-1.60061
0.00389	-1.56553
0.003895	-1.52851
0.0039	-1.48989
0.003905	-1.44998
0.00391	-1.40911
0.003915	-1.3663
0.00392	-1.32156
0.003925	-1.27683
0.00393	-1.23016
0.003935	-1.18156
0.00394	-1.13232
0.003945	-1.08243
0.00395	-1.03061
0.003955	-0.978471
0.00396	-0.925687
0.003965	-0.871938
0.00397	-0.816579
0.003975	-0.760577
0.00398	-0.702966
0.003985	-0.64632
0.00399	-0.588065
0.003995	-0.530453
0.004	-0.471233
0.004005	-0.412334
0.00401	-0.352469
0.004015	-0.292927
0.00402	-0.232097
0.004025	-0.171267
0.00403	-0.111724
0.004035	-0.0512158
0.00404	0.0102579
0.004045	0.0704443
0.00405	0.13224
0.004055	0.192426
0.00406	0.252935
0.004065	0.313443
0.00407	0.373307
0.004075	0.432206
0.00408	0.492393
0.004085	0.550648
0.00409	0.60826
0.004095	0.666837
0.0041	0.724127
0.004105	0.779486
0.00411	0.835166
0.004115	0.889559
0.00412	0.942987
0.004125	0.996093
0.00413	1.04791
0.004135	1.09812
0.00414	1.14865
0.004145	1.19725
0.00415	1.24424
0.004155	1.29059
0.00416	1.33533
0.004165	1.37846
0.00417	1.42094
0.004175	1.46182
0.00418	1.50173
0.004185	1.53938
0.00419	1.57575
0.004195	1.60987
0.0042	1.64334
0.004205	1.67488
0.00421	1.70482
0.004215	1.73314
0.00422	1.75985
0.004225	1.78431
0.00423	1.80716
0.004235	1.82841
0.00424	1.8474
0.004245	1.86574
0.00425	1.88119
0.004255	1.89567
0.00426	1.90758
0.004265	1.91692
0.00427	1.92529
0.004275	1.93172
0.00428	1.93558
0.004285	1.93848
0.00429	1.93913
0.004295	1.93784
0.0043	1.93462
0.004305	1.92947
0.00431	1.92271
0.004315	1.9137
0.00432	1.90276
0.004325	1.88956
0.00433	1.87604
0.004335	1.85898
0.00434	1.84128
0.004345	1.821
0.00435	1.7988
0.004355	1.77498
0.00436	1.74955
0.004365	1.72252
0.00437	1.69323
0.004375	1.66297
0.00438	1.63079
0.004385	1.59667
0.00439	1.56159
0.004395	1.52425
0.0044	1.48595
0.004405	1.44604
0.00441	1.40388
0.004415	1.36172
0.00442	1.31859
0.004425	1.27289
0.00443	1.2259
0.004435	1.1773
0.00444	1.12805
0.004445	1.07849
0.00445	1.02699
0.004455	0.974529
0.00446	0.921745
0.004465	0.867673
0.00447	0.812637
0.004475	0.756956
0.00448	0.699666
0.004485	0.642376
0.00449	0.585087
0.004495	0.526187
0.0045	0.467288
0.004505	0.408068
0.00451	0.348847
0.004515	0.28866
0.00452	0.228152
0.004525	0.167644
0.00453	0.107779
0.004535	0.0472709
0.00454	-0.013881
0.004545	-0.0750329
0.00455	-0.135541
0.004555	-0.196371
0.00456	-0.256879
0.004565	-0.317387
0.00457	-0.377574
0.004575	-0.436151
0.00458	-0.495372
0.004585	-0.55427
0.00459	-0.613169
0.004595	-0.670137
0.0046	-0.727748
0.004605	-0.783429
0.00461	-0.838787
0.004615	-0.894146
0.00462	-0.946929
0.004625	-1.00068
0.00463	-1.0525
0.004635	-1.10303
0.00464	-1.15291
0.004645	-1.20151
0.00465	-1.24915
0.004655	-1.29549
0.00466	-1.33959
0.004665	-1.38336
0.00467	-1.42552
0.004675	-1.46704
0.00468	-1.50631
0.004685	-1.54364
0.00469	-1.58033
0.004695	-1.61477
0.0047	-1.64824
0.004705	-1.68011
0.00471	-1.70939
0.004715	-1.73804
0.00472	-1.76475
0.004725	-1.78954
0.00473	-1.81239
0.004735	-1.83427
0.00474	-1.85294
0.004745	-1.87064
0.00475	-1.88641
0.004755	-1.90025
0.00476	-1.91216
0.004765	-1.92246
0.00477	-1.93115
0.004775	-1.93662
0.00478	-1.94113
0.004785	-1.94338
0.00479	-1.94402
0.004795	-1.94338
0.0048	-1.93984
0.004805	-1.93533
0.00481	-1.92761
0.004815	-1.9186
0.00482	-1.90701
0.004825	-1.89446
0.00483	-1.88062
0.004835	-1.86324
0.00484	-1.84554
0.004845	-1.82558
0.00485	-1.80305
0.004855	-1.77924
0.00486	-1.75349
0.004865	-1.72645
0.00487	-1.69781
0.004875	-1.66691
0.00488	-1.63505
0.004885	-1.60125
0.00489	-1.56553
0.004895	-1.52819
0.0049	-1.49021
0.004905	-1.4503
0.00491	-1.40879
0.004915	-1.36598
0.00492	-1.32156
0.004925	-1.2765
0.00493	-1.22951
0.004935	-1.18124
0.00494	-1.13232
0.004945	-1.08178
0.00495	-1.03125
0.004955	-0.978149
0.00496	-0.925365
0.004965	-0.871294
0.00497	-0.816258
0.004975	-0.759934
0.00498	-0.703288
0.004985	-0.645998
0.00499	-0.588709
0.004995	-0.52981
0.005	-0.470911
0.005005	-0.41169
0.00501	-0.352791
0.005015	-0.292927
0.00502	-0.232097
0.005025	-0.17191
0.00503	-0.111724
0.005035	-0.0502503
0.00504	0.0105798
0.005045	0.071088
0.00505	0.13224
0.005055	0.193392
0.00506	0.253578
0.005065	0.314408
0.00507	0.373307
0.005075	0.433494
0.00508	0.492393
0.005085	0.550648
0.00509	0.609225
0.005095	0.666837
0.0051	0.724127
0.005105	0.779808
0.00511	0.83581
0.005115	0.889881
0.00512	0.943631
0.005125	0.996415
0.00513	1.04856
0.005135	1.09876
0.00514	1.14897
0.005145	1.19757
0.00515	1.24489
0.005155	1.29059
0.00516	1.33533
0.005165	1.37878
0.00517	1.42126
0.005175	1.46214
0.00518	1.50173
0.005185	1.53938
0.00519	1.57575
0.005195	1.61051
0.0052	1.64431
0.005205	1.67488
0.00521	1.70482
0.005215	1.73346
0.00522	1.7605
0.005225	1.78464
0.00523	1.80781
0.005235	1.82873
0.00524	1.84804
0.005245	1.86574
0.00525	1.88184
0.005255	1.89567
0.00526	1.90791
0.005265	1.91724
0.00527	1.92593
0.005275	1.93237
0.00528	1.93687
0.005285	1.93913
0.00529	1.9388
0.005295	1.93784
0.0053	1.93526
0.005305	1.92979
0.00531	1.92239
0.005315	1.9137
0.00532	1.90243
0.005325	1.88956
0.00533	1.87572
0.005335	1.85866
0.00534	1.84064
0.005345	1.82036
0.00535	1.79815
0.005355	1.77466
0.00536	1.74891
0.005365	1.72187
0.00537	1.69323
0.005375	1.66233
0.00538	1.63014
0.005385	1.59603
0.00539	1.56095
0.005395	1.52393
0.0054	1.48563
0.005405	1.4454
0.00541	1.40388
0.005415	1.36107
0.00542	1.31762
0.005425	1.27128
0.00543	1.22557
0.005435	1.17762
0.00544	1.12773
0.005445	1.07752
0.00545	1.02667
0.005455	0.974207
0.00546	0.920779
0.005465	0.86703
0.00547	0.811671
0.005475	0.75599
0.00548	0.699022
0.005485	0.642054
0.00549	0.584121
0.005495	0.526187
0.0055	0.466967
0.005505	0.407746
0.00551	0.348203
0.005515	0.288338
0.00552	0.228474
0.005525	0.167644
0.00553	0.107135
0.005535	0.0463054
0.00554	-0.0142028
0.005545	-0.0750329
0.00555	-0.136185
0.005555	-0.196693
0.00556	-0.257201
0.005565	-0.318031
0.00557	-0.377574
0.005575	-0.437116
0.00558	-0.496337
0.005585	-0.554914
0.00559	-0.613169
0.005595	-0.670781
0.0056	-0.729036
0.005605	-0.784394
0.00561	-0.839753
0.005615	-0.894146
0.00562	-0.947895
0.005625	-1.001
0.00563	-1.05282
0.005635	-1.10367
0.00564	-1.15324
0.005645	-1.2028
0.00565	-1.24947
0.005655	-1.29582
0.00566	-1.34023
0.005665	-1.384
0.00567	-1.42681
0.005675	-1.46704
0.00568	-1.50631
0.005685	-1.54429
0.00569	-1.58098
0.005695	-1.61606
0.0057	-1.64824
0.005705	-1.68011
0.00571	-1.71004
0.005715	-1.73804
0.00572	-1.76507
0.005725	-1.79018
0.00573	-1.81303
0.005735	-1.83363
0.00574	-1.85326
0.005745	-1.87064
0.00575	-1.88609
0.005755	-1.90122
0.00576	-1.91248
0.005765	-1.92246
0.00577	-1.93083
0.005775	-1.93662
0.00578	-1.94113
0.005785	-1.9437
0.00579	-1.94435
0.005795	-1.94306
0.0058	-1.94016
0.005805	-1.93469
0.00581	-1.92761
0.005815	-1.91892
0.00582	-1.90733
0.005825	-1.89542
0.00583	-1.88062
0.005835	-1.86356
0.00584	-1.84522
0.005845	-1.82558
0.00585	-1.80305
0.005855	-1.77988
0.00586	-1.75381
0.005865	-1.72677
0.00587	-1.69781
0.005875	-1.66691
0.00588	-1.63505
0.005885	-1.60093
0.00589	-1.56521
0.005895	-1.52819
0.0059	-1.48989
0.005905	-1.4503
0.00591	-1.40814
0.005915	-1.3663
0.00592	-1.32124
0.005925	-1.27618
0.00593	-1.22951
0.005935	-1.18188
0.00594	-1.13199
0.005945	-1.08211
0.00595	-1.03061
0.005955	-0.978149
0.00596	-0.925365
0.005965	-0.87065
0.00597	-0.815936
0.005975	-0.760255
0.00598	-0.702966
0.005985	-0.645354
0.00599	-0.588387
0.005995	-0.529488
0.006	-0.471554
0.006005	-0.41169
0.00601	-0.352469
0.006015	-0.291639
0.00602	-0.231775
0.006025	-0.170945
0.00603	-0.110758
0.006035	-0.0505721
0.00604	0.0102579
0.006045	0.0714098
0.00605	0.132562
0.006055	0.193392
0.00606	0.254222
0.006065	0.314087
0.00607	0.373629
0.006075	0.433172
0.00608	0.492715
0.006085	0.550648
0.00609	0.608904
0.006095	0.667481
0.0061	0.724449
0.006105	0.780129
0.00611	0.83581
0.006115	0.890847
0.00612	0.943631
0.006125	0.996415
0.00613	1.04888
0.006135	1.09941
0.00614	1.1493
0.006145	1.19725
0.00615	1.24553
0.006155	1.29091
0.00616	1.33597
0.006165	1.37878
0.00617	1.42158
0.006175	1.46182
0.00618	1.50237
0.006185	1.5397
0.00619	1.57607
0.006195	1.61019
0.0062	1.64431
0.006205	1.67456
0.00621	1.70546
0.006215	1.73346
0.00622	1.75985
0.006225	1.78431
0.00623	1.80749
0.006235	1.82873
0.00624	1.84836
0.006245	1.86542
0.00625	1.88151
0.006255	1.89503
0.00626	1.90791
0.006265	1.91724
0.00627	1.92529
0.006275	1.93172
0.00628	1.93558
0.006285	1.9388
0.00629	1.93945
0.006295	1.93816
0.0063	1.93494
0.006305	1.92947
0.00631	1.92239
0.006315	1.91338
0.00632	1.90243
0.006325	1.88988
0.00633	1.87572
0.006335	1.85898
0.00634	1.8416
0.006345	1.82036
0.00635	1.79815
0.006355	1.77434
0.00636	1.74891
0.006365	1.72187
0.00637	1.69291
0.006375	1.66233
0.00638	1.63047
0.006385	1.59603
0.00639	1.56095
0.006395	1.52393
0.0064	1.48531
0.006405	1.44508
0.00641	1.40388
0.006415	1.3614
0.00642	1.31795
0.006425	1.27192
0.00643	1.22461
0.006435	1.1773
0.00644	1.12773
0.006445	1.07752
0.00645	1.02635
0.006455	0.973563
0.00646	0.921423
0.006465	0.866386
0.00647	0.812315
0.006475	0.755669
0.00648	0.699344
0.006485	0.642054
0.00649	0.584121
0.006495	0.525222
0.0065	0.466645
0.006505	0.407424
0.00651	0.347881
0.006515	0.288016
0.00652	0.22783
0.006525	0.167322
0.00653	0.106492
0.006535	0.0456617
0.00654	-0.0145247
0.006545	-0.0756766
0.00655	-0.136829
0.006555	-0.197659
0.00656	-0.257845
0.006565	-0.318353
0.00657	-0.377896
0.006575	-0.438082
0.00658	-0.496337
0.006585	-0.55588
0.00659	-0.613491
0.006595	-0.671424
0.0066	-0.72807
0.006605	-0.784394
0.00661	-0.839431
0.006615	-0.894789
0.00662	-0.947895
0.006625	-1.00132
0.00663	-1.05346
0.006635	-1.10367
0.00664	-1.15388
0.006645	-1.20184
0.00665	-1.24979
0.006655	-1.29614
0.00666	-1.34023
0.006665	-1.38433
0.00667	-1.42649
0.006675	-1.46736
0.00668	-1.50695
0.006685	-1.54525
0.00669	-1.58098
0.006695	-1.61509
0.0067	-1.64856
0.006705	-1.68043
0.00671	-1.71036
0.006715	-1.73868
0.00672	-1.76507
0.006725	-1.78986
0.00673	-1.81335
0.006735	-1.83427
0.00674	-1.85294
0.006745	-1.87064
0.00675	-1.88706
0.006755	-1.9009
0.00676	-1.9128
0.006765	-1.92278
0.00677	-1.93083
0.006775	-1.93694
0.00678	-1.94145
0.006785	-1.9437
0.00679	-1.94402
0.006795	-1.94338
0.0068	-1.94016
0.006805	-1.93533
0.00681	-1.92793
0.006815	-1.9186
0.00682	-1.90765
0.006825	-1.8951
0.00683	-1.88062
0.006835	-1.86356
0.00684	-1.84554
0.006845	-1.82494
0.00685	-1.80338
0.006855	-1.77956
0.00686	-1.75317
0.006865	-1.7271
0.00687	-1.69749
0.006875	-1.66659
0.00688	-1.6344
0.006885	-1.60029
0.00689	-1.56488
0.006895	-1.52787
0.0069	-1.48925
0.006905	-1.44902
0.00691	-1.4075
0.006915	-1.36501
0.00692	-1.32092
0.006925	-1.27586
0.00693	-1.22887
0.006935	-1.18124
0.00694	-1.13135
0.006945	-1.08211
0.00695	-1.03061
0.006955	-0.977827
0.00696	-0.924722
0.006965	-0.870329
0.00697	-0.815292
0.006975	-0.758968
0.00698	-0.702644
0.006985	-0.645354
0.00699	-0.587099
0.006995	-0.529166
0.007	-0.469945
0.007005	-0.411046
0.00701	-0.351826
0.007015	-0.291639
0.00702	-0.231131
0.007025	-0.169979
0.00703	-0.109793
0.007035	-0.0492847
0.00704	0.0115453
0.007045	0.0723754
0.00705	0.132562
0.007055	0.193714
0.00706	0.254866
0.007065	0.31473
0.00707	0.373629
0.007075	0.434459
0.00708	0.492393
0.007085	0.551614
0.00709	0.609869
0.007095	0.667803
0.0071	0.724449
0.007105	0.780773
0.00711	0.83581
0.007115	0.891169
0.00712	0.944596
0.007125	0.996415
0.00713	1.04856
0.007135	1.09973
0.00714	1.14994
0.007145	1.1979
0.00715	1.24489
0.007155	1.29188
0.00716	1.33629
0.007165	1.37942
0.00717	1.42191
0.007175	1.46214
0.00718	1.50237
0.007185	1.54003
0.00719	1.5764
0.007195	1.61116
0.0072	1.64398
0.007205	1.6752
0.00721	1.70546
0.007215	1.73378
0.00722	1.7605
0.007225	1.78496
0.00723	1.80813
0.007235	1.82905
0.00724	1.84836
0.007245	1.86574
0.00725	1.88151
0.007255	1.89535
0.00726	1.90791
0.007265	1.91724
0.00727	1.92593
0.007275	1.93204
0.00728	1.93655
0.007285	1.9388
0.00729	1.93945
0.007295	1.93784
0.0073	1.9343
0.007305	1.92979
0.00731	1.92271
0.007315	1.91338
0.00732	1.90179
0.007325	1.88988
0.00733	1.8754
0.007335	1.85834
0.00734	1.84064
0.007345	1.82036
0.00735	1.79847
0.007355	1.77466
0.00736	1.74891
0.007365	1.72155
0.00737	1.69258
0.007375	1.66265
0.00738	1.63047
0.007385	1.59635
0.00739	1.56127
0.007395	1.52361
0.0074	1.48531
0.007405	1.44508
0.00741	1.40388
0.007415	1.36107
0.00742	1.31698
0.007425	1.27192
0.00743	1.22461
0.007435	1.17697
0.00744	1.12741
0.007445	1.07752
0.00745	1.02603
0.007455	0.973563
0.00746	0.921101
0.007465	0.866386
0.00747	0.811027
0.007475	0.755347
0.00748	0.698379
0.007485	0.641411
0.00749	0.583799
0.007495	0.525222
0.0075	0.466323
0.007505	0.408068
0.00751	0.347559
0.007515	0.287695
0.00752	0.227508
0.007525	0.167
0.00753	0.10617
0.007535	0.0453398
0.00754	-0.0148465
0.007545	-0.0759985
0.00755	-0.136829
0.007555	-0.197659
0.00756	-0.258489
0.007565	-0.318353
0.00757	-0.378539
0.007575	-0.438082
0.00758	-0.496981
0.007585	-0.55588
0.00759	-0.614457
0.007595	-0.671746
0.0076	-0.728714
0.007605	-0.785038
0.00761	-0.840396
0.007615	-0.894789
0.00762	-0.947895
0.007625	-1.00132
0.00763	-1.05378
0.007635	-1.10431
0.00764	-1.15356
0.007645	-1.2028
0.00765	-1.25011
0.007655	-1.29646
0.00766	-1.34152
0.007665	-1.38529
0.00767	-1.42681
0.007675	-1.46768
0.00768	-1.50663
0.007685	-1.54493
0.00769	-1.58098
0.007695	-1.61606
0.0077	-1.64856
0.007705	-1.68043
0.00771	-1.711
0.007715	-1.73868
0.00772	-1.76507
0.007725	-1.79018
0.00773	-1.81303
0.007735	-1.83427
0.00774	-1.85326
0.007745	-1.87032
0.00775	-1.88641
0.007755	-1.90025
0.00776	-1.9128
0.007765	-1.92278
0.00777	-1.93083
0.007775	-1.93694
0.00778	-1.94081
0.007785	-1.9437
0.00779	-1.9437
0.007795	-1.94306
0.0078	-1.93952
0.007805	-1.93501
0.00781	-1.92729
0.007815	-1.91828
0.00782	-1.90701
0.007825	-1.89382
0.00783	-1.8803
0.007835	-1.86324
0.00784	-1.84522
0.007845	-1.82494
0.00785	-1.80305
0.007855	-1.77924
0.00786	-1.75284
0.007865	-1.72581
0.00787	-1.69716
0.007875	-1.66659
0.00788	-1.63408
0.007885	-1.60061
0.00789	-1.56488
0.007895	-1.52819
0.0079	-1.4886
0.007905	-1.44902
0.00791	-1.4075
0.007915	-1.36437
0.00792	-1.32124
0.007925	-1.27554
0.00793	-1.22887
0.007935	-1.18092
0.00794	-1.13103
0.007945	-1.08114
0.00795	-1.02932
0.007955	-0.977505
0.00796	-0.923756
0.007965	-0.870007
0.00797	-0.81497
0.007975	-0.758646
0.00798	-0.701678
0.007985	-0.644389
0.00799	-0.586777
0.007995	-0.5282
0.008	-0.469945
0.008005	-0.410403
0.00801	-0.350538
0.008015	-0.290674
0.00802	-0.230166
0.008025	-0.170623
0.00803	-0.109149
0.008035	-0.0496066
0.00804	0.0118672
0.008045	0.0726973
0.00805	0.133527
0.008055	0.194036
0.00806	0.254866
0.008065	0.315052
0.00807	0.375239
0.008075	0.434781
0.00808	0.493358
0.008085	0.552258
0.00809	0.610513
0.008095	0.668446
0.0081	0.725093
0.008105	0.781095
0.00811	0.836454
0.008115	0.891812
0.00812	0.944918
0.008125	0.997702
0.00813	1.04952
0.008135	1.10037
0.00814	1.14994
0.008145	1.19886
0.00815	1.24649
0.008155	1.29188
0.00816	1.33629
0.008165	1.38006
0.00817	1.42255
0.008175	1.4631
0.00818	1.50237
0.008185	1.54035
0.00819	1.57672
0.008195	1.61148
0.0082	1.64398
0.008205	1.67617
0.00821	1.70578
0.008215	1.7341
0.00822	1.7605
0.008225	1.78464
0.00823	1.80813
0.008235	1.82905
0.00824	1.84836
0.008245	1.86542
0.00825	1.88184
0.008255	1.896
0.00826	1.90791
0.008265	1.91756
0.00827	1.92593
0.008275	1.93204
0.00828	1.93591
0.008285	1.93913
0.00829	1.93945
0.008295	1.93816
0.0083	1.93494
0.008305	1.93011
0.00831	1.92239
0.008315	1.9137
0.00832	1.90211
0.008325	1.8902
0.00833	1.87508
0.008335	1.85898
0.00834	1.84032
0.008345	1.82004
0.00835	1.79783
0.008355	1.77466
0.00836	1.74891
0.008365	1.72155
0.00837	1.69258
0.008375	1.66201
0.00838	1.62982
0.008385	1.59635
0.00839	1.5603
0.008395	1.52329
0.0084	1.48402
0.008405	1.44508
0.00841	1.40292
0.008415	1.36043
0.00842	1.3173
0.008425	1.27128
0.00843	1.22429
0.008435	1.17665
0.00844	1.12677
0.008445	1.0772
0.00845	1.02538
0.008455	0.973563
0.00846	0.920136
0.008465	0.866064
0.00847	0.810705
0.008475	0.755025
0.00848	0.698057
0.008485	0.641411
0.00849	0.583155
0.008495	0.5249
0.0085	0.466645
0.008505	0.40678
0.00851	0.347237
0.008515	0.287695
0.00852	0.227186
0.008525	0.166034
0.00853	0.10617
0.008535	0.045018
0.00854	-0.0154903
0.008545	-0.0763203
0.00855	-0.13715
0.008555	-0.197659
0.00856	-0.258489
0.008565	-0.318675
0.00857	-0.378217
0.008575	-0.438726
0.00858	-0.497946
0.008585	-0.556523
0.00859	-0.614457
0.008595	-0.67239
0.0086	-0.729358
0.008605	-0.785682
0.00861	-0.840075
0.008615	-0.895111
0.00862	-0.949182
0.008625	-1.00197
0.00863	-1.05378
0.008635	-1.10431
0.00864	-1.1542
0.008645	-1.20312
0.00865	-1.25044
0.008655	-1.29646
0.00866	-1.3412
0.008665	-1.38465
0.00867	-1.42745
0.008675	-1.46736
0.00868	-1.50695
0.008685	-1.54525
0.00869	-1.5813
0.008695	-1.61638
0.0087	-1.64953
0.008705	-1.68139
0.00871	-1.71036
0.008715	-1.739
0.00872	-1.76572
0.008725	-1.79018
0.00873	-1.81335
0.008735	-1.83459
0.00874	-1.85358
0.008745	-1.87096
0.00875	-1.88738
0.008755	-1.90057
0.00876	-1.91248
0.008765	-1.92278
0.00877	-1.93115
0.008775	-1.93694
0.00878	-1.94113
0.008785	-1.94402
0.00879	-1.94435
0.008795	-1.94306
0.0088	-1.93887
0.008805	-1.93533
0.00881	-1.92761
0.008815	-1.9186
0.00882	-1.90701
0.008825	-1.89446
0.00883	-1.87998
0.008835	-1.86356
0.00884	-1.84522
0.008845	-1.82494
0.00885	-1.80273
0.008855	-1.77891
0.00886	-1.75317
0.008865	-1.72613
0.00887	-1.69684
0.008875	-1.66627
0.00888	-1.6344
0.008885	-1.60061
0.00889	-1.56521
0.008895	-1.52755
0.0089	-1.48893
0.008905	-1.44934
0.00891	-1.40782
0.008915	-1.36469
0.00892	-1.32092
0.008925	-1.27618
0.00893	-1.22758
0.008935	-1.18092
0.00894	-1.13103
0.008945	-1.08082
0.00895	-1.02932
0.008955	-0.977183
0.00896	-0.924078
0.008965	-0.870007
0.00897	-0.814326
0.008975	-0.758968
0.00898	-0.701678
0.008985	-0.644389
0.00899	-0.586456
0.008995	-0.528522
0.009	-0.469945
0.009005	-0.410403
0.00901	-0.351182
0.009015	-0.291317
0.00902	-0.230166
0.009025	-0.169014
0.00903	-0.109471
0.009035	-0.0489629
0.00904	0.012189
0.009045	0.0730191
0.00905	0.134171
0.009055	0.194679
0.00906	0.255509
0.009065	0.31473
0.00907	0.37556
0.009075	0.434459
0.00908	0.494002
0.009085	0.552579
0.00909	0.610513
0.009095	0.668125
0.0091	0.725414
0.009105	0.781417
0.00911	0.837097
0.009115	0.891491
0.00912	0.944918
0.009125	0.998346
0.00913	1.04952
0.009135	1.10037
0.00914	1.15026
0.009145	1.19854
0.00915	1.24585
0.009155	1.2922
0.00916	1.33661
0.009165	1.38039
0.00917	1.42223
0.009175	1.4631
0.00918	1.50237
0.009185	1.54067
0.00919	1.57672
0.009195	1.6118
0.0092	1.64495
0.009205	1.67585
0.00921	1.70546
0.009215	1.73378
0.00922	1.7605
0.009225	1.7856
0.00923	1.80781
0.009235	1.82937
0.00924	1.84901
0.009245	1.86606
0.00925	1.88184
0.009255	1.896
0.00926	1.90823
0.009265	1.91756
0.00927	1.92625
0.009275	1.93204
0.00928	1.93623
0.009285	1.9388
0.00929	1.9388
0.009295	1.93784
0.0093	1.93494
0.009305	1.92915
0.00931	1.92207
0.009315	1.91305
0.00932	1.90211
0.009325	1.88892
0.00933	1.8754
0.009335	1.8577
0.00934	1.84032
0.009345	1.81972
0.00935	1.79783
0.009355	1.77401
0.00936	1.74794
0.009365	1.72091
0.00937	1.69258
0.009375	1.66072
0.00938	1.6295
0.009385	1.59603
0.00939	1.56062
0.009395	1.52329
0.0094	1.48434
0.009405	1.44411
0.00941	1.40292
0.009415	1.36043
0.00942	1.31666
0.009425	1.27096
0.00943	1.22461
0.009435	1.17633
0.00944	1.12644
0.009445	1.07688
0.00945	1.0257
0.009455	0.972919
0.00946	0.920136
0.009465	0.86542
0.00947	0.810384
0.009475	0.754381
0.00948	0.697735
0.009485	0.640445
0.00949	0.582834
0.009495	0.524578
0.0095	0.466001
0.009505	0.406458
0.00951	0.347237
0.009515	0.286407
0.00952	0.225899
0.009525	0.166356
0.00953	0.105848
0.009535	0.045018
0.00954	-0.0154903
0.009545	-0.0766422
0.00955	-0.137472
0.009555	-0.198624
0.00956	-0.25881
0.009565	-0.318997
0.00957	-0.379183
0.009575	-0.439047
0.00958	-0.497624
0.009585	-0.557167
0.00959	-0.614778
0.009595	-0.672068
0.0096	-0.72968
0.009605	-0.78536
0.00961	-0.840718
0.009615	-0.895755
0.00962	-0.94886
0.009625	-1.00229
0.00963	-1.05411
0.009635	-1.10496
0.00964	-1.15517
0.009645	-1.20344
0.00965	-1.25076
0.009655	-1.29614
0.00966	-1.3412
0.009665	-1.38465
0.00967	-1.42745
0.009675	-1.46801
0.00968	-1.50792
0.009685	-1.54589
0.00969	-1.58226
0.009695	-1.61606
0.0097	-1.64953
0.009705	-1.68075
0.00971	-1.711
0.009715	-1.739
0.00972	-1.7654
0.009725	-1.79018
0.00973	-1.81303
0.009735	-1.83395
0.00974	-1.85294
0.009745	-1.87096
0.00975	-1.88706
0.009755	-1.90057
0.00976	-1.91313
0.009765	-1.92278
0.00977	-1.93083
0.009775	-1.93694
0.00978	-1.94113
0.009785	-1.9437
0.00979	-1.94402
0.009795	-1.94274
0.0098	-1.9392
0.009805	-1.93469
0.00981	-1.92729
0.009815	-1.91828
0.00982	-1.90701
0.009825	-1.89446
0.00983	-1.87933
0.009835	-1.86324
0.00984	-1.84489
0.009845	-1.82494
0.00985	-1.80305
0.009855	-1.77891
0.00986	-1.75284
0.009865	-1.72581
0.00987	-1.69716
0.009875	-1.66594
0.00988	-1.63376
0.009885	-1.59964
0.00989	-1.56456
0.009895	-1.52723
0.0099	-1.48828
0.009905	-1.44837
0.00991	-1.40653
0.009915	-1.36437
0.00992	-1.32028
0.009925	-1.2749
0.00993	-1.22791
0.009935	-1.17995
0.00994	-1.13071
0.009945	-1.0805
0.00995	-1.029
0.009955	-0.97654
0.00996	-0.923434
0.009965	-0.869363
0.00997	-0.813683
0.009975	-0.758002
0.00998	-0.701357
0.009985	-0.644067
0.00999	-0.586456
0.009995	-0.527557